[0.0, 0.0, 0.0, 0.0, 0.0, 0.0, 0.0, 0.0, 0.1]:[0.7]:[0.4703125, 0.0, 0.0, 0.0, 0.0, 0.0, 0.0, 0.0, 0.1]:0:False
[0.4703125, 0.0, 0.0, 0.0, 0.0, 0.0, 0.0, 0.0, 0.1]:[0.04418604]:[0.509375, 0.0, 0.0, 0.0, 0.0, 0.0, 0.0, 0.0, 0.1]:0:False
[0.509375, 0.0, 0.0, 0.0, 0.0, 0.0, 0.0, 0.0, 0.1]:[-0.01395345]:[0.49375, 0.0, 0.0, 0.0, 0.0, 0.0, 0.0, 0.0, 0.1]:0:False
[0.49375, 0.0, 0.0, 0.0, 0.0, 0.0, 0.0, 0.0, 0.1]:[0.00930232]:[0.5, 0.0, 1.0, 0.0, 0.0, 0.0, 0.0, 0.0, 0.1]:100:False
[0.5, 0.0, 1.0, 0.0, 0.0, 0.0, 0.0, 0.0, 0.1]:[0.7093023]:[0.9765625, 0.0, 1.0, 0.0, 0.0, 0.0, 0.0, 0.0, 0.1]:0:False
[0.9765625, 0.0, 1.0, 0.0, 0.0, 0.0, 0.0, 0.0, 0.1]:[0.03488372]:[1.0140625, 0.0, 1.0, 0.0, 0.0, 0.0, 0.0, 0.0, 0.1]:0:False
[1.0140625, 0.0, 1.0, 0.0, 0.0, 0.0, 0.0, 0.0, 0.1]:[-0.02093027]:[1.0, 0.0, 1.0, 1.0, 0.0, 0.0, 0.0, 0.0, 0.1]:100:False
[1.0, 0.0, 1.0, 1.0, 0.0, 0.0, 0.0, 0.0, 0.1]:[0.92452836]:[1.0, 0.5104167, 1.0, 1.0, 0.0, 0.0, 0.0, 0.0, 0.1]:0:False
[1.0, 0.5104167, 1.0, 1.0, 0.0, 0.0, 0.0, 0.0, 0.1]:[-0.01886796]:[1.0, 0.50625, 1.0, 1.0, 0.0, 0.0, 0.0, 0.0, 0.1]:0:False
[1.0, 0.50625, 1.0, 1.0, 0.0, 0.0, 0.0, 0.0, 0.1]:[-0.0113208]:[1.0, 0.5, 1.0, 1.0, 1.0, 0.0, 0.0, 0.0, 0.1]:100:False
[1.0, 0.5, 1.0, 1.0, 1.0, 0.0, 0.0, 0.0, 0.1]:[0.94716984]:[1.0, 1.0229167, 1.0, 1.0, 1.0, 0.0, 0.0, 0.0, 0.1]:0:False
[1.0, 1.0229167, 1.0, 1.0, 1.0, 0.0, 0.0, 0.0, 0.1]:[-0.04150945]:[1.0, 1.0104166, 1.0, 1.0, 1.0, 0.0, 0.0, 0.0, 0.1]:0:False
[1.0, 1.0104166, 1.0, 1.0, 1.0, 0.0, 0.0, 0.0, 0.1]:[-0.01886785]:[1.0, 0.99375, 1.0, 1.0, 1.0, 0.0, 0.0, 0.0, 0.1]:0:False
[1.0, 0.99375, 1.0, 1.0, 1.0, 0.0, 0.0, 0.0, 0.1]:[0.0113208]:[1.0, 0.9916667, 1.0, 1.0, 1.0, 0.0, 0.0, 0.0, 0.1]:0:False
[1.0, 0.9916667, 1.0, 1.0, 1.0, 0.0, 0.0, 0.0, 0.1]:[0.01509432]:[1.0, 0.99375, 1.0, 1.0, 1.0, 0.0, 0.0, 0.0, 0.1]:0:False
[1.0, 0.99375, 1.0, 1.0, 1.0, 0.0, 0.0, 0.0, 0.1]:[0.0113208]:[1.0, 0.99583334, 1.0, 1.0, 1.0, 0.0, 0.0, 1.0, 0.1]:100:True
[0.0, 0.0, 0.0, 0.0, 0.0, 0.0, 0.0, 0.0, 0.1]:[0.6953488]:[0.4671875, 0.0, 0.0, 0.0, 0.0, 0.0, 0.0, 0.0, 0.1]:0:False
[0.4671875, 0.0, 0.0, 0.0, 0.0, 0.0, 0.0, 0.0, 0.1]:[0.04883722]:[0.5140625, 0.0, 0.0, 0.0, 0.0, 0.0, 0.0, 0.0, 0.1]:0:False
[0.5140625, 0.0, 0.0, 0.0, 0.0, 0.0, 0.0, 0.0, 0.1]:[-0.02093027]:[0.4890625, 0.0, 0.0, 0.0, 0.0, 0.0, 0.0, 0.0, 0.1]:0:False
[0.4890625, 0.0, 0.0, 0.0, 0.0, 0.0, 0.0, 0.0, 0.1]:[0.01627909]:[0.5109375, 0.0, 0.0, 0.0, 0.0, 0.0, 0.0, 0.0, 0.1]:0:False
[0.5109375, 0.0, 0.0, 0.0, 0.0, 0.0, 0.0, 0.0, 0.1]:[-0.01627909]:[0.496875, 0.0, 1.0, 0.0, 0.0, 0.0, 0.0, 0.0, 0.1]:100:False
[0.496875, 0.0, 1.0, 0.0, 0.0, 0.0, 0.0, 0.0, 0.1]:[0.755814]:[1.0046875, 0.0, 1.0, 0.0, 0.0, 0.0, 0.0, 0.0, 0.1]:0:False
[1.0046875, 0.0, 1.0, 0.0, 0.0, 0.0, 0.0, 0.0, 0.1]:[-0.00697681]:[0.99375, 0.0, 1.0, 0.0, 0.0, 0.0, 0.0, 0.0, 0.1]:0:False
[0.99375, 0.0, 1.0, 0.0, 0.0, 0.0, 0.0, 0.0, 0.1]:[0.00930236]:[1.009375, 0.0, 1.0, 0.0, 0.0, 0.0, 0.0, 0.0, 0.1]:0:False
[1.009375, 0.0, 1.0, 0.0, 0.0, 0.0, 0.0, 0.0, 0.1]:[-0.01395345]:[0.9890625, 0.0, 1.0, 0.0, 0.0, 0.0, 0.0, 0.0, 0.1]:0:False
[0.9890625, 0.0, 1.0, 0.0, 0.0, 0.0, 0.0, 0.0, 0.1]:[0.01627909]:[1.00625, 0.0, 1.0, 0.0, 0.0, 0.0, 0.0, 0.0, 0.1]:0:False
[1.00625, 0.0, 1.0, 0.0, 0.0, 0.0, 0.0, 0.0, 0.1]:[-0.00930236]:[0.9984375, 0.0, 1.0, 1.0, 0.0, 0.0, 0.0, 0.0, 0.1]:100:False
[0.9984375, 0.0, 1.0, 1.0, 0.0, 0.0, 0.0, 0.0, 0.1]:[0.8830189]:[0.9984375, 0.4875, 1.0, 1.0, 0.0, 0.0, 0.0, 0.0, 0.1]:0:False
[0.9984375, 0.4875, 1.0, 1.0, 0.0, 0.0, 0.0, 0.0, 0.1]:[0.02264149]:[0.9984375, 0.49791667, 1.0, 1.0, 1.0, 0.0, 0.0, 0.0, 0.1]:100:False
[0.9984375, 0.49791667, 1.0, 1.0, 1.0, 0.0, 0.0, 0.0, 0.1]:[0.890566]:[0.9984375, 0.9895833, 1.0, 1.0, 1.0, 0.0, 0.0, 0.0, 0.1]:0:False
[0.9984375, 0.9895833, 1.0, 1.0, 1.0, 0.0, 0.0, 0.0, 0.1]:[0.01886796]:[0.9984375, 0.9875, 1.0, 1.0, 1.0, 0.0, 0.0, 0.0, 0.1]:0:False
[0.9984375, 0.9875, 1.0, 1.0, 1.0, 0.0, 0.0, 0.0, 0.1]:[0.02264149]:[0.9984375, 0.98333335, 1.0, 1.0, 1.0, 0.0, 0.0, 0.0, 0.1]:0:False
[0.9984375, 0.98333335, 1.0, 1.0, 1.0, 0.0, 0.0, 0.0, 0.1]:[0.03018865]:[0.9984375, 1.0020833, 1.0, 1.0, 1.0, 0.0, 0.0, 1.0, 0.1]:100:True
[0.0, 0.0, 0.0, 0.0, 0.0, 0.0, 0.0, 0.0, 0.1]:[0.68604654]:[0.4609375, 0.0, 0.0, 0.0, 0.0, 0.0, 0.0, 0.0, 0.1]:0:False
[0.4609375, 0.0, 0.0, 0.0, 0.0, 0.0, 0.0, 0.0, 0.1]:[0.05813954]:[0.5078125, 0.0, 0.0, 0.0, 0.0, 0.0, 0.0, 0.0, 0.1]:0:False
[0.5078125, 0.0, 0.0, 0.0, 0.0, 0.0, 0.0, 0.0, 0.1]:[-0.01162791]:[0.4953125, 0.0, 0.0, 0.0, 0.0, 0.0, 0.0, 0.0, 0.1]:0:False
[0.4953125, 0.0, 0.0, 0.0, 0.0, 0.0, 0.0, 0.0, 0.1]:[0.00697673]:[0.509375, 0.0, 0.0, 0.0, 0.0, 0.0, 0.0, 0.0, 0.1]:0:False
[0.509375, 0.0, 0.0, 0.0, 0.0, 0.0, 0.0, 0.0, 0.1]:[-0.01395345]:[0.4890625, 0.0, 0.0, 0.0, 0.0, 0.0, 0.0, 0.0, 0.1]:0:False
[0.4890625, 0.0, 0.0, 0.0, 0.0, 0.0, 0.0, 0.0, 0.1]:[0.01627909]:[0.5046875, 0.0, 0.0, 0.0, 0.0, 0.0, 0.0, 0.0, 0.1]:0:False
[0.5046875, 0.0, 0.0, 0.0, 0.0, 0.0, 0.0, 0.0, 0.1]:[-0.00697673]:[0.4921875, 0.0, 0.0, 0.0, 0.0, 0.0, 0.0, 0.0, 0.1]:0:False
[0.4921875, 0.0, 0.0, 0.0, 0.0, 0.0, 0.0, 0.0, 0.1]:[0.01162791]:[0.503125, 0.0, 1.0, 0.0, 0.0, 0.0, 0.0, 0.0, 0.1]:100:False
[0.503125, 0.0, 1.0, 0.0, 0.0, 0.0, 0.0, 0.0, 0.1]:[0.69302326]:[0.96875, 0.0, 1.0, 0.0, 0.0, 0.0, 0.0, 0.0, 0.1]:0:False
[0.96875, 0.0, 1.0, 0.0, 0.0, 0.0, 0.0, 0.0, 0.1]:[0.04651163]:[1.0109375, 0.0, 1.0, 0.0, 0.0, 0.0, 0.0, 0.0, 0.1]:0:False
[1.0109375, 0.0, 1.0, 0.0, 0.0, 0.0, 0.0, 0.0, 0.1]:[-0.016279]:[0.9875, 0.0, 1.0, 0.0, 0.0, 0.0, 0.0, 0.0, 0.1]:0:False
[0.9875, 0.0, 1.0, 0.0, 0.0, 0.0, 0.0, 0.0, 0.1]:[0.01860463]:[1.009375, 0.0, 1.0, 0.0, 0.0, 0.0, 0.0, 0.0, 0.1]:0:False
[1.009375, 0.0, 1.0, 0.0, 0.0, 0.0, 0.0, 0.0, 0.1]:[-0.01395345]:[0.9890625, 0.0, 1.0, 0.0, 0.0, 0.0, 0.0, 0.0, 0.1]:0:False
[0.9890625, 0.0, 1.0, 0.0, 0.0, 0.0, 0.0, 0.0, 0.1]:[0.01627909]:[1.009375, 0.0, 1.0, 0.0, 0.0, 0.0, 0.0, 0.0, 0.1]:0:False
[1.009375, 0.0, 1.0, 0.0, 0.0, 0.0, 0.0, 0.0, 0.1]:[-0.01395345]:[0.9875, 0.0, 1.0, 0.0, 0.0, 0.0, 0.0, 0.0, 0.1]:0:False
[0.9875, 0.0, 1.0, 0.0, 0.0, 0.0, 0.0, 0.0, 0.1]:[0.01860463]:[1.0078125, 0.0, 1.0, 0.0, 0.0, 0.0, 0.0, 0.0, 0.1]:0:False
[1.0078125, 0.0, 1.0, 0.0, 0.0, 0.0, 0.0, 0.0, 0.1]:[-0.01162791]:[0.996875, 0.0, 1.0, 1.0, 0.0, 0.0, 0.0, 0.0, 0.1]:100:False
[0.996875, 0.0, 1.0, 1.0, 0.0, 0.0, 0.0, 0.0, 0.1]:[0.8830189]:[0.996875, 0.4875, 1.0, 1.0, 0.0, 0.0, 0.0, 0.0, 0.1]:0:False
[0.996875, 0.4875, 1.0, 1.0, 0.0, 0.0, 0.0, 0.0, 0.1]:[0.02264149]:[0.996875, 0.48541668, 1.0, 1.0, 0.0, 0.0, 0.0, 0.0, 0.1]:0:False
[0.996875, 0.48541668, 1.0, 1.0, 0.0, 0.0, 0.0, 0.0, 0.1]:[0.02641507]:[0.996875, 0.48333332, 1.0, 1.0, 0.0, 0.0, 0.0, 0.0, 0.1]:0:False
[0.996875, 0.48333332, 1.0, 1.0, 0.0, 0.0, 0.0, 0.0, 0.1]:[0.0301887]:[0.996875, 0.49166667, 1.0, 1.0, 0.0, 0.0, 0.0, 0.0, 0.1]:0:False
[0.996875, 0.49166667, 1.0, 1.0, 0.0, 0.0, 0.0, 0.0, 0.1]:[0.01509432]:[0.996875, 0.48958334, 1.0, 1.0, 0.0, 0.0, 0.0, 0.0, 0.1]:0:False
[0.996875, 0.48958334, 1.0, 1.0, 0.0, 0.0, 0.0, 0.0, 0.1]:[0.01886791]:[0.996875, 0.49166667, 1.0, 1.0, 0.0, 0.0, 0.0, 0.0, 0.1]:0:False
[0.996875, 0.49166667, 1.0, 1.0, 0.0, 0.0, 0.0, 0.0, 0.1]:[0.01509432]:[0.996875, 0.48958334, 1.0, 1.0, 0.0, 0.0, 0.0, 0.0, 0.1]:0:False
[0.996875, 0.48958334, 1.0, 1.0, 0.0, 0.0, 0.0, 0.0, 0.1]:[0.01886791]:[0.996875, 0.4875, 1.0, 1.0, 0.0, 0.0, 0.0, 0.0, 0.1]:0:False
[0.996875, 0.4875, 1.0, 1.0, 0.0, 0.0, 0.0, 0.0, 0.1]:[0.02264149]:[0.996875, 0.48541668, 1.0, 1.0, 0.0, 0.0, 0.0, 0.0, 0.1]:0:False
[0.996875, 0.48541668, 1.0, 1.0, 0.0, 0.0, 0.0, 0.0, 0.1]:[0.02641507]:[0.996875, 0.48541668, 1.0, 1.0, 0.0, 0.0, 0.0, 0.0, 0.1]:0:False
[0.996875, 0.48541668, 1.0, 1.0, 0.0, 0.0, 0.0, 0.0, 0.1]:[0.02641507]:[0.996875, 0.50208336, 1.0, 1.0, 1.0, 0.0, 0.0, 0.0, 0.1]:100:False
[0.996875, 0.50208336, 1.0, 1.0, 1.0, 0.0, 0.0, 0.0, 0.1]:[0.16603768]:[0.996875, 0.59375, 1.0, 1.0, 1.0, 0.0, 0.0, 0.0, 0.1]:0:False
[0.996875, 0.59375, 1.0, 1.0, 1.0, 0.0, 0.0, 0.0, 0.1]:[0.7358491]:[0.996875, 0.85625, 1.0, 1.0, 1.0, 0.0, 0.0, 0.0, 0.1]:0:False
[0.0, 0.0, 0.0, 0.0, 0.0, 0.0, 0.0, 0.0, 0.1]:[0.68372095]:[0.459375, 0.0, 0.0, 0.0, 0.0, 0.0, 0.0, 0.0, 0.1]:0:False
[0.459375, 0.0, 0.0, 0.0, 0.0, 0.0, 0.0, 0.0, 0.1]:[0.06046512]:[0.51875, 0.0, 0.0, 0.0, 0.0, 0.0, 0.0, 0.0, 0.1]:0:False
[0.51875, 0.0, 0.0, 0.0, 0.0, 0.0, 0.0, 0.0, 0.1]:[-0.027907]:[0.4921875, 0.0, 0.0, 0.0, 0.0, 0.0, 0.0, 0.0, 0.1]:0:False
[0.4921875, 0.0, 0.0, 0.0, 0.0, 0.0, 0.0, 0.0, 0.1]:[0.01162791]:[0.503125, 0.0, 1.0, 0.0, 0.0, 0.0, 0.0, 0.0, 0.1]:100:False
[0.0, 0.0, 0.0, 0.0, 0.0, 0.0, 0.0, 0.0, 0.1]:[0.7093023]:[0.4765625, 0.0, 0.0, 0.0, 0.0, 0.0, 0.0, 0.0, 0.1]:0:False
[0.4765625, 0.0, 0.0, 0.0, 0.0, 0.0, 0.0, 0.0, 0.1]:[0.03488372]:[0.5078125, 0.0, 0.0, 0.0, 0.0, 0.0, 0.0, 0.0, 0.1]:0:False
[0.5078125, 0.0, 0.0, 0.0, 0.0, 0.0, 0.0, 0.0, 0.1]:[-0.01162791]:[0.490625, 0.0, 0.0, 0.0, 0.0, 0.0, 0.0, 0.0, 0.1]:0:False
[0.490625, 0.0, 0.0, 0.0, 0.0, 0.0, 0.0, 0.0, 0.1]:[0.0139535]:[0.5140625, 0.0, 0.0, 0.0, 0.0, 0.0, 0.0, 0.0, 0.1]:0:False
[0.5140625, 0.0, 0.0, 0.0, 0.0, 0.0, 0.0, 0.0, 0.1]:[-0.02093027]:[0.4890625, 0.0, 0.0, 0.0, 0.0, 0.0, 0.0, 0.0, 0.1]:0:False
[0.4890625, 0.0, 0.0, 0.0, 0.0, 0.0, 0.0, 0.0, 0.1]:[0.01627909]:[0.5140625, 0.0, 0.0, 0.0, 0.0, 0.0, 0.0, 0.0, 0.1]:0:False
[0.5140625, 0.0, 0.0, 0.0, 0.0, 0.0, 0.0, 0.0, 0.1]:[-0.02093027]:[0.4890625, 0.0, 0.0, 0.0, 0.0, 0.0, 0.0, 0.0, 0.1]:0:False
[0.4890625, 0.0, 0.0, 0.0, 0.0, 0.0, 0.0, 0.0, 0.1]:[0.01627909]:[0.5140625, 0.0, 0.0, 0.0, 0.0, 0.0, 0.0, 0.0, 0.1]:0:False
[0.5140625, 0.0, 0.0, 0.0, 0.0, 0.0, 0.0, 0.0, 0.1]:[-0.02093027]:[0.4859375, 0.0, 0.0, 0.0, 0.0, 0.0, 0.0, 0.0, 0.1]:0:False
[0.4859375, 0.0, 0.0, 0.0, 0.0, 0.0, 0.0, 0.0, 0.1]:[0.02093022]:[0.5078125, 0.0, 0.0, 0.0, 0.0, 0.0, 0.0, 0.0, 0.1]:0:False
[0.5078125, 0.0, 0.0, 0.0, 0.0, 0.0, 0.0, 0.0, 0.1]:[-0.01162791]:[0.4921875, 0.0, 0.0, 0.0, 0.0, 0.0, 0.0, 0.0, 0.1]:0:False
[0.4921875, 0.0, 0.0, 0.0, 0.0, 0.0, 0.0, 0.0, 0.1]:[0.01162791]:[0.4984375, 0.0, 1.0, 0.0, 0.0, 0.0, 0.0, 0.0, 0.1]:100:False
[0.4984375, 0.0, 1.0, 0.0, 0.0, 0.0, 0.0, 0.0, 0.1]:[0.73023254]:[0.9890625, 0.0, 1.0, 0.0, 0.0, 0.0, 0.0, 0.0, 0.1]:0:False
[0.9890625, 0.0, 1.0, 0.0, 0.0, 0.0, 0.0, 0.0, 0.1]:[0.01627909]:[1.009375, 0.0, 1.0, 0.0, 0.0, 0.0, 0.0, 0.0, 0.1]:0:False
[1.009375, 0.0, 1.0, 0.0, 0.0, 0.0, 0.0, 0.0, 0.1]:[-0.01395345]:[0.99375, 0.0, 1.0, 0.0, 0.0, 0.0, 0.0, 0.0, 0.1]:0:False
[0.99375, 0.0, 1.0, 0.0, 0.0, 0.0, 0.0, 0.0, 0.1]:[0.00930236]:[1.003125, 0.0, 1.0, 1.0, 0.0, 0.0, 0.0, 0.0, 0.1]:100:False
[1.003125, 0.0, 1.0, 1.0, 0.0, 0.0, 0.0, 0.0, 0.1]:[0.9056604]:[1.003125, 0.49791667, 1.0, 1.0, 1.0, 0.0, 0.0, 0.0, 0.1]:100:False
[1.003125, 0.49791667, 1.0, 1.0, 1.0, 0.0, 0.0, 0.0, 0.1]:[0.99245286]:[1.003125, 1.0458333, 1.0, 1.0, 1.0, 0.0, 0.0, 0.0, 0.1]:0:False
[1.003125, 1.0458333, 1.0, 1.0, 1.0, 0.0, 0.0, 0.0, 0.1]:[-0.0830189]:[1.003125, 0.99583334, 1.0, 1.0, 1.0, 0.0, 0.0, 1.0, 0.1]:100:True
[0.0, 0.0, 0.0, 0.0, 0.0, 0.0, 0.0, 0.0, 0.1]:[0.7046511]:[0.4734375, 0.0, 0.0, 0.0, 0.0, 0.0, 0.0, 0.0, 0.1]:0:False
[0.4734375, 0.0, 0.0, 0.0, 0.0, 0.0, 0.0, 0.0, 0.1]:[0.0395349]:[0.5, 0.0, 1.0, 0.0, 0.0, 0.0, 0.0, 0.0, 0.1]:100:False
[0.5, 0.0, 1.0, 0.0, 0.0, 0.0, 0.0, 0.0, 0.1]:[0.6883721]:[0.9625, 0.0, 1.0, 0.0, 0.0, 0.0, 0.0, 0.0, 0.1]:0:False
[0.9625, 0.0, 1.0, 0.0, 0.0, 0.0, 0.0, 0.0, 0.1]:[0.05581399]:[1.01875, 0.0, 1.0, 0.0, 0.0, 0.0, 0.0, 0.0, 0.1]:0:False
[1.01875, 0.0, 1.0, 0.0, 0.0, 0.0, 0.0, 0.0, 0.1]:[-0.02790691]:[0.990625, 0.0, 1.0, 0.0, 0.0, 0.0, 0.0, 0.0, 0.1]:0:False
[0.990625, 0.0, 1.0, 0.0, 0.0, 0.0, 0.0, 0.0, 0.1]:[0.01395345]:[1.0046875, 0.0, 1.0, 0.0, 0.0, 0.0, 0.0, 0.0, 0.1]:0:False
[1.0046875, 0.0, 1.0, 0.0, 0.0, 0.0, 0.0, 0.0, 0.1]:[-0.00697681]:[0.9953125, 0.0, 1.0, 0.0, 0.0, 0.0, 0.0, 0.0, 0.1]:0:False
[0.9953125, 0.0, 1.0, 0.0, 0.0, 0.0, 0.0, 0.0, 0.1]:[0.00697673]:[1.003125, 0.0, 1.0, 1.0, 0.0, 0.0, 0.0, 0.0, 0.1]:100:False
[1.003125, 0.0, 1.0, 1.0, 0.0, 0.0, 0.0, 0.0, 0.1]:[0.9056604]:[1.003125, 0.50208336, 1.0, 1.0, 1.0, 0.0, 0.0, 0.0, 0.1]:100:False
[0.0, 0.0, 0.0, 0.0, 0.0, 0.0, 0.0, 0.0, 0.1]:[0.69302326]:[0.465625, 0.0, 0.0, 0.0, 0.0, 0.0, 0.0, 0.0, 0.1]:0:False
[0.465625, 0.0, 0.0, 0.0, 0.0, 0.0, 0.0, 0.0, 0.1]:[0.05116281]:[0.5140625, 0.0, 0.0, 0.0, 0.0, 0.0, 0.0, 0.0, 0.1]:0:False
[0.5140625, 0.0, 0.0, 0.0, 0.0, 0.0, 0.0, 0.0, 0.1]:[-0.02093027]:[0.4890625, 0.0, 0.0, 0.0, 0.0, 0.0, 0.0, 0.0, 0.1]:0:False
[0.4890625, 0.0, 0.0, 0.0, 0.0, 0.0, 0.0, 0.0, 0.1]:[0.01627909]:[0.503125, 0.0, 1.0, 0.0, 0.0, 0.0, 0.0, 0.0, 0.1]:100:False
[0.503125, 0.0, 1.0, 0.0, 0.0, 0.0, 0.0, 0.0, 0.1]:[0.7]:[0.9734375, 0.0, 1.0, 0.0, 0.0, 0.0, 0.0, 0.0, 0.1]:0:False
[0.9734375, 0.0, 1.0, 0.0, 0.0, 0.0, 0.0, 0.0, 0.1]:[0.0395349]:[1.003125, 0.0, 1.0, 1.0, 0.0, 0.0, 0.0, 0.0, 0.1]:100:False
[1.003125, 0.0, 1.0, 1.0, 0.0, 0.0, 0.0, 0.0, 0.1]:[0.8943396]:[1.003125, 0.49375, 1.0, 1.0, 0.0, 0.0, 0.0, 0.0, 0.1]:0:False
[1.003125, 0.49375, 1.0, 1.0, 0.0, 0.0, 0.0, 0.0, 0.1]:[0.01132074]:[1.003125, 0.49375, 1.0, 1.0, 0.0, 0.0, 0.0, 0.0, 0.1]:0:False
[1.003125, 0.49375, 1.0, 1.0, 0.0, 0.0, 0.0, 0.0, 0.1]:[0.01132074]:[1.003125, 0.49166667, 1.0, 1.0, 0.0, 0.0, 0.0, 0.0, 0.1]:0:False
[1.003125, 0.49166667, 1.0, 1.0, 0.0, 0.0, 0.0, 0.0, 0.1]:[0.01509432]:[1.003125, 0.49166667, 1.0, 1.0, 0.0, 0.0, 0.0, 0.0, 0.1]:0:False
[1.003125, 0.49166667, 1.0, 1.0, 0.0, 0.0, 0.0, 0.0, 0.1]:[0.01509432]:[1.003125, 0.49375, 1.0, 1.0, 0.0, 0.0, 0.0, 0.0, 0.1]:0:False
[1.003125, 0.49375, 1.0, 1.0, 0.0, 0.0, 0.0, 0.0, 0.1]:[0.01132074]:[1.003125, 0.49166667, 1.0, 1.0, 0.0, 0.0, 0.0, 0.0, 0.1]:0:False
[1.003125, 0.49166667, 1.0, 1.0, 0.0, 0.0, 0.0, 0.0, 0.1]:[0.01509432]:[1.003125, 0.49583334, 1.0, 1.0, 1.0, 0.0, 0.0, 0.0, 0.1]:100:False
[1.003125, 0.49583334, 1.0, 1.0, 1.0, 0.0, 0.0, 0.0, 0.1]:[0.93584913]:[1.003125, 1.0125, 1.0, 1.0, 1.0, 0.0, 0.0, 0.0, 0.1]:0:False
[1.003125, 1.0125, 1.0, 1.0, 1.0, 0.0, 0.0, 0.0, 0.1]:[-0.0226416]:[1.003125, 1.00625, 1.0, 1.0, 1.0, 0.0, 0.0, 0.0, 0.1]:0:False
[1.003125, 1.00625, 1.0, 1.0, 1.0, 0.0, 0.0, 0.0, 0.1]:[-0.0113208]:[1.003125, 1.0, 1.0, 1.0, 1.0, 0.0, 0.0, 1.0, 0.1]:100:True
[0.0, 0.0, 0.0, 0.0, 0.0, 0.0, 0.0, 0.0, 0.1]:[0.7232558]:[0.4859375, 0.0, 0.0, 0.0, 0.0, 0.0, 0.0, 0.0, 0.1]:0:False
[0.4859375, 0.0, 0.0, 0.0, 0.0, 0.0, 0.0, 0.0, 0.1]:[0.02093022]:[0.5015625, 0.0, 1.0, 0.0, 0.0, 0.0, 0.0, 0.0, 0.1]:100:False
[0.5015625, 0.0, 1.0, 0.0, 0.0, 0.0, 0.0, 0.0, 0.1]:[0.8023256]:[1.040625, 0.0, 1.0, 0.0, 0.0, 0.0, 0.0, 0.0, 0.1]:0:False
[1.040625, 0.0, 1.0, 0.0, 0.0, 0.0, 0.0, 0.0, 0.1]:[-0.06046508]:[0.9890625, 0.0, 1.0, 0.0, 0.0, 0.0, 0.0, 0.0, 0.1]:0:False
[0.9890625, 0.0, 1.0, 0.0, 0.0, 0.0, 0.0, 0.0, 0.1]:[0.01627909]:[1.0, 0.0, 1.0, 1.0, 0.0, 0.0, 0.0, 0.0, 0.1]:100:False
[1.0, 0.0, 1.0, 1.0, 0.0, 0.0, 0.0, 0.0, 0.1]:[0.8830189]:[1.0, 0.4875, 1.0, 1.0, 0.0, 0.0, 0.0, 0.0, 0.1]:0:False
[1.0, 0.4875, 1.0, 1.0, 0.0, 0.0, 0.0, 0.0, 0.1]:[0.02264149]:[1.0, 0.48541668, 1.0, 1.0, 0.0, 0.0, 0.0, 0.0, 0.1]:0:False
[1.0, 0.48541668, 1.0, 1.0, 0.0, 0.0, 0.0, 0.0, 0.1]:[0.02641507]:[1.0, 0.48541668, 1.0, 1.0, 0.0, 0.0, 0.0, 0.0, 0.1]:0:False
[1.0, 0.48541668, 1.0, 1.0, 0.0, 0.0, 0.0, 0.0, 0.1]:[0.02641507]:[1.0, 0.49791667, 1.0, 1.0, 1.0, 0.0, 0.0, 0.0, 0.1]:100:False
[0.0, 0.0, 0.0, 0.0, 0.0, 0.0, 0.0, 0.0, 0.1]:[0.6883721]:[0.4625, 0.0, 0.0, 0.0, 0.0, 0.0, 0.0, 0.0, 0.1]:0:False
[0.4625, 0.0, 0.0, 0.0, 0.0, 0.0, 0.0, 0.0, 0.1]:[0.05581395]:[0.509375, 0.0, 0.0, 0.0, 0.0, 0.0, 0.0, 0.0, 0.1]:0:False
[0.509375, 0.0, 0.0, 0.0, 0.0, 0.0, 0.0, 0.0, 0.1]:[-0.01395345]:[0.496875, 0.0, 1.0, 0.0, 0.0, 0.0, 0.0, 0.0, 0.1]:100:False
[0.496875, 0.0, 1.0, 0.0, 0.0, 0.0, 0.0, 0.0, 0.1]:[0.6976744]:[0.965625, 0.0, 1.0, 0.0, 0.0, 0.0, 0.0, 0.0, 0.1]:0:False
[0.965625, 0.0, 1.0, 0.0, 0.0, 0.0, 0.0, 0.0, 0.1]:[0.05116281]:[1.009375, 0.0, 1.0, 0.0, 0.0, 0.0, 0.0, 0.0, 0.1]:0:False
[1.009375, 0.0, 1.0, 0.0, 0.0, 0.0, 0.0, 0.0, 0.1]:[-0.01395345]:[0.990625, 0.0, 1.0, 0.0, 0.0, 0.0, 0.0, 0.0, 0.1]:0:False
[0.990625, 0.0, 1.0, 0.0, 0.0, 0.0, 0.0, 0.0, 0.1]:[0.01395345]:[1.0046875, 0.0, 1.0, 0.0, 0.0, 0.0, 0.0, 0.0, 0.1]:0:False
[1.0046875, 0.0, 1.0, 0.0, 0.0, 0.0, 0.0, 0.0, 0.1]:[-0.00697681]:[0.9890625, 0.0, 1.0, 0.0, 0.0, 0.0, 0.0, 0.0, 0.1]:0:False
[0.9890625, 0.0, 1.0, 0.0, 0.0, 0.0, 0.0, 0.0, 0.1]:[0.01627909]:[1.003125, 0.0, 1.0, 1.0, 0.0, 0.0, 0.0, 0.0, 0.1]:100:False
[1.003125, 0.0, 1.0, 1.0, 0.0, 0.0, 0.0, 0.0, 0.1]:[0.8830189]:[1.003125, 0.4875, 1.0, 1.0, 0.0, 0.0, 0.0, 0.0, 0.1]:0:False
[1.003125, 0.4875, 1.0, 1.0, 0.0, 0.0, 0.0, 0.0, 0.1]:[0.02264149]:[1.003125, 0.48541668, 1.0, 1.0, 0.0, 0.0, 0.0, 0.0, 0.1]:0:False
[1.003125, 0.48541668, 1.0, 1.0, 0.0, 0.0, 0.0, 0.0, 0.1]:[0.02641507]:[1.003125, 0.5, 1.0, 1.0, 1.0, 0.0, 0.0, 0.0, 0.1]:100:False
[1.003125, 0.5, 1.0, 1.0, 1.0, 0.0, 0.0, 0.0, 0.1]:[0.8754717]:[1.003125, 0.98333335, 1.0, 1.0, 1.0, 0.0, 0.0, 0.0, 0.1]:0:False
[1.003125, 0.98333335, 1.0, 1.0, 1.0, 0.0, 0.0, 0.0, 0.1]:[0.03018865]:[1.003125, 0.9875, 1.0, 1.0, 1.0, 0.0, 0.0, 0.0, 0.1]:0:False
[1.003125, 0.9875, 1.0, 1.0, 1.0, 0.0, 0.0, 0.0, 0.1]:[0.02264149]:[1.003125, 1.0, 1.0, 1.0, 1.0, 0.0, 0.0, 1.0, 0.1]:100:True
[0.0, 0.0, 0.0, 0.0, 0.0, 0.0, 0.0, 0.0, 0.1]:[0.68372095]:[0.459375, 0.0, 0.0, 0.0, 0.0, 0.0, 0.0, 0.0, 0.1]:0:False
[0.459375, 0.0, 0.0, 0.0, 0.0, 0.0, 0.0, 0.0, 0.1]:[0.06046512]:[0.51875, 0.0, 0.0, 0.0, 0.0, 0.0, 0.0, 0.0, 0.1]:0:False
[0.51875, 0.0, 0.0, 0.0, 0.0, 0.0, 0.0, 0.0, 0.1]:[-0.027907]:[0.49375, 0.0, 0.0, 0.0, 0.0, 0.0, 0.0, 0.0, 0.1]:0:False
[0.49375, 0.0, 0.0, 0.0, 0.0, 0.0, 0.0, 0.0, 0.1]:[0.00930232]:[0.5015625, 0.0, 1.0, 0.0, 0.0, 0.0, 0.0, 0.0, 0.1]:100:False
[0.5015625, 0.0, 1.0, 0.0, 0.0, 0.0, 0.0, 0.0, 0.1]:[0.78604656]:[1.0296875, 0.0, 1.0, 0.0, 0.0, 0.0, 0.0, 0.0, 0.1]:0:False
[1.0296875, 0.0, 1.0, 0.0, 0.0, 0.0, 0.0, 0.0, 0.1]:[-0.04418608]:[0.9890625, 0.0, 1.0, 0.0, 0.0, 0.0, 0.0, 0.0, 0.1]:0:False
[0.9890625, 0.0, 1.0, 0.0, 0.0, 0.0, 0.0, 0.0, 0.1]:[0.01627909]:[1.009375, 0.0, 1.0, 0.0, 0.0, 0.0, 0.0, 0.0, 0.1]:0:False
[1.009375, 0.0, 1.0, 0.0, 0.0, 0.0, 0.0, 0.0, 0.1]:[-0.01395345]:[0.99375, 0.0, 1.0, 0.0, 0.0, 0.0, 0.0, 0.0, 0.1]:0:False
[0.99375, 0.0, 1.0, 0.0, 0.0, 0.0, 0.0, 0.0, 0.1]:[0.00930236]:[1.0078125, 0.0, 1.0, 0.0, 0.0, 0.0, 0.0, 0.0, 0.1]:0:False
[1.0078125, 0.0, 1.0, 0.0, 0.0, 0.0, 0.0, 0.0, 0.1]:[-0.01162791]:[0.9953125, 0.0, 1.0, 0.0, 0.0, 0.0, 0.0, 0.0, 0.1]:0:False
[0.9953125, 0.0, 1.0, 0.0, 0.0, 0.0, 0.0, 0.0, 0.1]:[0.00697673]:[1.00625, 0.0, 1.0, 0.0, 0.0, 0.0, 0.0, 0.0, 0.1]:0:False
[1.00625, 0.0, 1.0, 0.0, 0.0, 0.0, 0.0, 0.0, 0.1]:[-0.00930236]:[0.990625, 0.0, 1.0, 0.0, 0.0, 0.0, 0.0, 0.0, 0.1]:0:False
[0.990625, 0.0, 1.0, 0.0, 0.0, 0.0, 0.0, 0.0, 0.1]:[0.01395345]:[1.009375, 0.0, 1.0, 0.0, 0.0, 0.0, 0.0, 0.0, 0.1]:0:False
[1.009375, 0.0, 1.0, 0.0, 0.0, 0.0, 0.0, 0.0, 0.1]:[-0.01395345]:[0.9984375, 0.0, 1.0, 1.0, 0.0, 0.0, 0.0, 0.0, 0.1]:100:False
[0.9984375, 0.0, 1.0, 1.0, 0.0, 0.0, 0.0, 0.0, 0.1]:[1.2339622]:[0.9984375, 0.68125, 1.0, 1.0, 0.0, 0.0, 0.0, 0.0, 0.1]:0:False
[0.9984375, 0.68125, 1.0, 1.0, 0.0, 0.0, 0.0, 0.0, 0.1]:[-0.32830185]:[0.9984375, 0.5, 1.0, 1.0, 1.0, 0.0, 0.0, 0.0, 0.1]:100:False
[0.0, 0.0, 0.0, 0.0, 0.0, 0.0, 0.0, 0.0, 0.1]:[0.7348837]:[0.49375, 0.0, 0.0, 0.0, 0.0, 0.0, 0.0, 0.0, 0.1]:0:False
[0.49375, 0.0, 0.0, 0.0, 0.0, 0.0, 0.0, 0.0, 0.1]:[0.00930232]:[0.50625, 0.0, 0.0, 0.0, 0.0, 0.0, 0.0, 0.0, 0.1]:0:False
[0.50625, 0.0, 0.0, 0.0, 0.0, 0.0, 0.0, 0.0, 0.1]:[-0.00930236]:[0.490625, 0.0, 0.0, 0.0, 0.0, 0.0, 0.0, 0.0, 0.1]:0:False
[0.490625, 0.0, 0.0, 0.0, 0.0, 0.0, 0.0, 0.0, 0.1]:[0.0139535]:[0.5109375, 0.0, 0.0, 0.0, 0.0, 0.0, 0.0, 0.0, 0.1]:0:False
[0.5109375, 0.0, 0.0, 0.0, 0.0, 0.0, 0.0, 0.0, 0.1]:[-0.01627909]:[0.4953125, 0.0, 0.0, 0.0, 0.0, 0.0, 0.0, 0.0, 0.1]:0:False
[0.4953125, 0.0, 0.0, 0.0, 0.0, 0.0, 0.0, 0.0, 0.1]:[0.00697673]:[0.5046875, 0.0, 0.0, 0.0, 0.0, 0.0, 0.0, 0.0, 0.1]:0:False
[0.5046875, 0.0, 0.0, 0.0, 0.0, 0.0, 0.0, 0.0, 0.1]:[-0.00697673]:[0.490625, 0.0, 0.0, 0.0, 0.0, 0.0, 0.0, 0.0, 0.1]:0:False
[0.490625, 0.0, 0.0, 0.0, 0.0, 0.0, 0.0, 0.0, 0.1]:[0.0139535]:[0.5015625, 0.0, 1.0, 0.0, 0.0, 0.0, 0.0, 0.0, 0.1]:100:False
[0.0, 0.0, 0.0, 0.0, 0.0, 0.0, 0.0, 0.0, 0.1]:[0.69069767]:[0.4640625, 0.0, 0.0, 0.0, 0.0, 0.0, 0.0, 0.0, 0.1]:0:False
[0.4640625, 0.0, 0.0, 0.0, 0.0, 0.0, 0.0, 0.0, 0.1]:[0.05348836]:[0.5078125, 0.0, 0.0, 0.0, 0.0, 0.0, 0.0, 0.0, 0.1]:0:False
[0.5078125, 0.0, 0.0, 0.0, 0.0, 0.0, 0.0, 0.0, 0.1]:[-0.01162791]:[0.4953125, 0.0, 0.0, 0.0, 0.0, 0.0, 0.0, 0.0, 0.1]:0:False
[0.4953125, 0.0, 0.0, 0.0, 0.0, 0.0, 0.0, 0.0, 0.1]:[0.00697673]:[0.50625, 0.0, 0.0, 0.0, 0.0, 0.0, 0.0, 0.0, 0.1]:0:False
[0.50625, 0.0, 0.0, 0.0, 0.0, 0.0, 0.0, 0.0, 0.1]:[-0.00930236]:[0.4953125, 0.0, 0.0, 0.0, 0.0, 0.0, 0.0, 0.0, 0.1]:0:False
[0.4953125, 0.0, 0.0, 0.0, 0.0, 0.0, 0.0, 0.0, 0.1]:[0.00697673]:[0.5046875, 0.0, 0.0, 0.0, 0.0, 0.0, 0.0, 0.0, 0.1]:0:False
[0.5046875, 0.0, 0.0, 0.0, 0.0, 0.0, 0.0, 0.0, 0.1]:[-0.00697673]:[0.496875, 0.0, 1.0, 0.0, 0.0, 0.0, 0.0, 0.0, 0.1]:100:False
[0.496875, 0.0, 1.0, 0.0, 0.0, 0.0, 0.0, 0.0, 0.1]:[0.68372095]:[0.95625, 0.0, 1.0, 0.0, 0.0, 0.0, 0.0, 0.0, 0.1]:0:False
[0.95625, 0.0, 1.0, 0.0, 0.0, 0.0, 0.0, 0.0, 0.1]:[0.06511626]:[1.0140625, 0.0, 1.0, 0.0, 0.0, 0.0, 0.0, 0.0, 0.1]:0:False
[1.0140625, 0.0, 1.0, 0.0, 0.0, 0.0, 0.0, 0.0, 0.1]:[-0.02093027]:[0.9953125, 0.0, 1.0, 0.0, 0.0, 0.0, 0.0, 0.0, 0.1]:0:False
[0.9953125, 0.0, 1.0, 0.0, 0.0, 0.0, 0.0, 0.0, 0.1]:[0.00697673]:[1.009375, 0.0, 1.0, 0.0, 0.0, 0.0, 0.0, 0.0, 0.1]:0:False
[1.009375, 0.0, 1.0, 0.0, 0.0, 0.0, 0.0, 0.0, 0.1]:[-0.01395345]:[0.9921875, 0.0, 1.0, 0.0, 0.0, 0.0, 0.0, 0.0, 0.1]:0:False
[0.9921875, 0.0, 1.0, 0.0, 0.0, 0.0, 0.0, 0.0, 0.1]:[0.01162791]:[1.003125, 0.0, 1.0, 1.0, 0.0, 0.0, 0.0, 0.0, 0.1]:100:False
[1.003125, 0.0, 1.0, 1.0, 0.0, 0.0, 0.0, 0.0, 0.1]:[0.8830189]:[1.003125, 0.4875, 1.0, 1.0, 0.0, 0.0, 0.0, 0.0, 0.1]:0:False
[1.003125, 0.4875, 1.0, 1.0, 0.0, 0.0, 0.0, 0.0, 0.1]:[0.02264149]:[1.003125, 0.48958334, 1.0, 1.0, 0.0, 0.0, 0.0, 0.0, 0.1]:0:False
[1.003125, 0.48958334, 1.0, 1.0, 0.0, 0.0, 0.0, 0.0, 0.1]:[0.01886791]:[1.003125, 0.49166667, 1.0, 1.0, 0.0, 0.0, 0.0, 0.0, 0.1]:0:False
[1.003125, 0.49166667, 1.0, 1.0, 0.0, 0.0, 0.0, 0.0, 0.1]:[0.01509432]:[1.003125, 0.50625, 1.0, 1.0, 0.0, 0.0, 0.0, 0.0, 0.1]:0:False
[1.003125, 0.50625, 1.0, 1.0, 0.0, 0.0, 0.0, 0.0, 0.1]:[-0.0113208]:[1.003125, 0.49583334, 1.0, 1.0, 1.0, 0.0, 0.0, 0.0, 0.1]:100:False
[1.003125, 0.49583334, 1.0, 1.0, 1.0, 0.0, 0.0, 0.0, 0.1]:[0.91320753]:[1.003125, 0.99791664, 1.0, 1.0, 1.0, 0.0, 0.0, 1.0, 0.1]:100:True
[0.0, 0.0, 0.0, 0.0, 0.0, 0.0, 0.0, 0.0, 0.1]:[0.69302326]:[0.465625, 0.0, 0.0, 0.0, 0.0, 0.0, 0.0, 0.0, 0.1]:0:False
[0.465625, 0.0, 0.0, 0.0, 0.0, 0.0, 0.0, 0.0, 0.1]:[0.05116281]:[0.51875, 0.0, 0.0, 0.0, 0.0, 0.0, 0.0, 0.0, 0.1]:0:False
[0.51875, 0.0, 0.0, 0.0, 0.0, 0.0, 0.0, 0.0, 0.1]:[-0.027907]:[0.484375, 0.0, 0.0, 0.0, 0.0, 0.0, 0.0, 0.0, 0.1]:0:False
[0.484375, 0.0, 0.0, 0.0, 0.0, 0.0, 0.0, 0.0, 0.1]:[0.02325581]:[0.503125, 0.0, 1.0, 0.0, 0.0, 0.0, 0.0, 0.0, 0.1]:100:False
[0.503125, 0.0, 1.0, 0.0, 0.0, 0.0, 0.0, 0.0, 0.1]:[0.7069767]:[0.978125, 0.0, 1.0, 0.0, 0.0, 0.0, 0.0, 0.0, 0.1]:0:False
[0.978125, 0.0, 1.0, 0.0, 0.0, 0.0, 0.0, 0.0, 0.1]:[0.03255818]:[1.0046875, 0.0, 1.0, 0.0, 0.0, 0.0, 0.0, 0.0, 0.1]:0:False
[1.0046875, 0.0, 1.0, 0.0, 0.0, 0.0, 0.0, 0.0, 0.1]:[-0.00697681]:[0.99375, 0.0, 1.0, 0.0, 0.0, 0.0, 0.0, 0.0, 0.1]:0:False
[0.99375, 0.0, 1.0, 0.0, 0.0, 0.0, 0.0, 0.0, 0.1]:[0.00930236]:[1.0078125, 0.0, 1.0, 0.0, 0.0, 0.0, 0.0, 0.0, 0.1]:0:False
[1.0078125, 0.0, 1.0, 0.0, 0.0, 0.0, 0.0, 0.0, 0.1]:[-0.01162791]:[0.9921875, 0.0, 1.0, 0.0, 0.0, 0.0, 0.0, 0.0, 0.1]:0:False
[0.9921875, 0.0, 1.0, 0.0, 0.0, 0.0, 0.0, 0.0, 0.1]:[0.01162791]:[1.00625, 0.0, 1.0, 0.0, 0.0, 0.0, 0.0, 0.0, 0.1]:0:False
[1.00625, 0.0, 1.0, 0.0, 0.0, 0.0, 0.0, 0.0, 0.1]:[-0.00930236]:[0.9953125, 0.0, 1.0, 0.0, 0.0, 0.0, 0.0, 0.0, 0.1]:0:False
[0.9953125, 0.0, 1.0, 0.0, 0.0, 0.0, 0.0, 0.0, 0.1]:[0.00697673]:[1.00625, 0.0, 1.0, 0.0, 0.0, 0.0, 0.0, 0.0, 0.1]:0:False
[1.00625, 0.0, 1.0, 0.0, 0.0, 0.0, 0.0, 0.0, 0.1]:[-0.00930236]:[0.9953125, 0.0, 1.0, 0.0, 0.0, 0.0, 0.0, 0.0, 0.1]:0:False
[0.9953125, 0.0, 1.0, 0.0, 0.0, 0.0, 0.0, 0.0, 0.1]:[0.00697673]:[1.0078125, 0.0, 1.0, 0.0, 0.0, 0.0, 0.0, 0.0, 0.1]:0:False
[1.0078125, 0.0, 1.0, 0.0, 0.0, 0.0, 0.0, 0.0, 0.1]:[-0.01162791]:[0.99375, 0.0, 1.0, 0.0, 0.0, 0.0, 0.0, 0.0, 0.1]:0:False
[0.99375, 0.0, 1.0, 0.0, 0.0, 0.0, 0.0, 0.0, 0.1]:[0.00930236]:[1.0015625, 0.0, 1.0, 1.0, 0.0, 0.0, 0.0, 0.0, 0.1]:100:False
[1.0015625, 0.0, 1.0, 1.0, 0.0, 0.0, 0.0, 0.0, 0.1]:[0.8792453]:[1.0015625, 0.48541668, 1.0, 1.0, 0.0, 0.0, 0.0, 0.0, 0.1]:0:False
[1.0015625, 0.48541668, 1.0, 1.0, 0.0, 0.0, 0.0, 0.0, 0.1]:[0.02641507]:[1.0015625, 0.4875, 1.0, 1.0, 0.0, 0.0, 0.0, 0.0, 0.1]:0:False
[1.0015625, 0.4875, 1.0, 1.0, 0.0, 0.0, 0.0, 0.0, 0.1]:[0.02264149]:[1.0015625, 0.4875, 1.0, 1.0, 0.0, 0.0, 0.0, 0.0, 0.1]:0:False
[1.0015625, 0.4875, 1.0, 1.0, 0.0, 0.0, 0.0, 0.0, 0.1]:[0.02264149]:[1.0015625, 0.49166667, 1.0, 1.0, 0.0, 0.0, 0.0, 0.0, 0.1]:0:False
[1.0015625, 0.49166667, 1.0, 1.0, 0.0, 0.0, 0.0, 0.0, 0.1]:[0.01509432]:[1.0015625, 0.49583334, 1.0, 1.0, 1.0, 0.0, 0.0, 0.0, 0.1]:100:False
[1.0015625, 0.49583334, 1.0, 1.0, 1.0, 0.0, 0.0, 0.0, 0.1]:[0.95094347]:[1.0015625, 1.0208334, 1.0, 1.0, 1.0, 0.0, 0.0, 0.0, 0.1]:0:False
[1.0015625, 1.0208334, 1.0, 1.0, 1.0, 0.0, 0.0, 0.0, 0.1]:[-0.03773592]:[1.0015625, 1.00625, 1.0, 1.0, 1.0, 0.0, 0.0, 0.0, 0.1]:0:False
[1.0015625, 1.00625, 1.0, 1.0, 1.0, 0.0, 0.0, 0.0, 0.1]:[-0.0113208]:[1.0015625, 1.0, 1.0, 1.0, 1.0, 0.0, 0.0, 1.0, 0.1]:100:True
[0.0, 0.0, 0.0, 0.0, 0.0, 0.0, 0.0, 0.0, 0.1]:[0.7139535]:[0.4796875, 0.0, 0.0, 0.0, 0.0, 0.0, 0.0, 0.0, 0.1]:0:False
[0.4796875, 0.0, 0.0, 0.0, 0.0, 0.0, 0.0, 0.0, 0.1]:[0.03023254]:[0.515625, 0.0, 0.0, 0.0, 0.0, 0.0, 0.0, 0.0, 0.1]:0:False
[0.515625, 0.0, 0.0, 0.0, 0.0, 0.0, 0.0, 0.0, 0.1]:[-0.02325581]:[0.4921875, 0.0, 0.0, 0.0, 0.0, 0.0, 0.0, 0.0, 0.1]:0:False
[0.4921875, 0.0, 0.0, 0.0, 0.0, 0.0, 0.0, 0.0, 0.1]:[0.01162791]:[0.4984375, 0.0, 1.0, 0.0, 0.0, 0.0, 0.0, 0.0, 0.1]:100:False
[0.4984375, 0.0, 1.0, 0.0, 0.0, 0.0, 0.0, 0.0, 0.1]:[0.7953488]:[1.0328125, 0.0, 1.0, 0.0, 0.0, 0.0, 0.0, 0.0, 0.1]:0:False
[1.0328125, 0.0, 1.0, 0.0, 0.0, 0.0, 0.0, 0.0, 0.1]:[-0.04883717]:[0.984375, 0.0, 1.0, 0.0, 0.0, 0.0, 0.0, 0.0, 0.1]:0:False
[0.984375, 0.0, 1.0, 0.0, 0.0, 0.0, 0.0, 0.0, 0.1]:[0.02325581]:[1.00625, 0.0, 1.0, 0.0, 0.0, 0.0, 0.0, 0.0, 0.1]:0:False
[1.00625, 0.0, 1.0, 0.0, 0.0, 0.0, 0.0, 0.0, 0.1]:[-0.00930236]:[0.996875, 0.0, 1.0, 1.0, 0.0, 0.0, 0.0, 0.0, 0.1]:100:False
[0.996875, 0.0, 1.0, 1.0, 0.0, 0.0, 0.0, 0.0, 0.1]:[0.8830189]:[0.996875, 0.4875, 1.0, 1.0, 0.0, 0.0, 0.0, 0.0, 0.1]:0:False
[0.996875, 0.4875, 1.0, 1.0, 0.0, 0.0, 0.0, 0.0, 0.1]:[0.02264149]:[0.996875, 0.49166667, 1.0, 1.0, 0.0, 0.0, 0.0, 0.0, 0.1]:0:False
[0.996875, 0.49166667, 1.0, 1.0, 0.0, 0.0, 0.0, 0.0, 0.1]:[0.01509432]:[0.996875, 0.49375, 1.0, 1.0, 0.0, 0.0, 0.0, 0.0, 0.1]:0:False
[0.996875, 0.49375, 1.0, 1.0, 0.0, 0.0, 0.0, 0.0, 0.1]:[0.01132074]:[0.996875, 0.49166667, 1.0, 1.0, 0.0, 0.0, 0.0, 0.0, 0.1]:0:False
[0.996875, 0.49166667, 1.0, 1.0, 0.0, 0.0, 0.0, 0.0, 0.1]:[0.01509432]:[0.996875, 0.49166667, 1.0, 1.0, 0.0, 0.0, 0.0, 0.0, 0.1]:0:False
[0.996875, 0.49166667, 1.0, 1.0, 0.0, 0.0, 0.0, 0.0, 0.1]:[0.01509432]:[0.996875, 0.50625, 1.0, 1.0, 0.0, 0.0, 0.0, 0.0, 0.1]:0:False
[0.996875, 0.50625, 1.0, 1.0, 0.0, 0.0, 0.0, 0.0, 0.1]:[-0.0113208]:[0.996875, 0.50416666, 1.0, 1.0, 1.0, 0.0, 0.0, 0.0, 0.1]:100:False
[0.996875, 0.50416666, 1.0, 1.0, 1.0, 0.0, 0.0, 0.0, 0.1]:[0.69433963]:[0.996875, 0.8875, 1.0, 1.0, 1.0, 0.0, 0.0, 0.0, 0.1]:0:False
[0.996875, 0.8875, 1.0, 1.0, 1.0, 0.0, 0.0, 0.0, 0.1]:[0.2037736]:[0.996875, 1.0041667, 1.0, 1.0, 1.0, 0.0, 0.0, 1.0, 0.1]:100:True
[0.0, 0.0, 0.0, 0.0, 0.0, 0.0, 0.0, 0.0, 0.1]:[0.6883721]:[0.4625, 0.0, 0.0, 0.0, 0.0, 0.0, 0.0, 0.0, 0.1]:0:False
[0.4625, 0.0, 0.0, 0.0, 0.0, 0.0, 0.0, 0.0, 0.1]:[0.05581395]:[0.5203125, 0.0, 0.0, 0.0, 0.0, 0.0, 0.0, 0.0, 0.1]:0:False
[0.5203125, 0.0, 0.0, 0.0, 0.0, 0.0, 0.0, 0.0, 0.1]:[-0.03023254]:[0.49375, 0.0, 0.0, 0.0, 0.0, 0.0, 0.0, 0.0, 0.1]:0:False
[0.49375, 0.0, 0.0, 0.0, 0.0, 0.0, 0.0, 0.0, 0.1]:[0.00930232]:[0.5125, 0.0, 0.0, 0.0, 0.0, 0.0, 0.0, 0.0, 0.1]:0:False
[0.5125, 0.0, 0.0, 0.0, 0.0, 0.0, 0.0, 0.0, 0.1]:[-0.01860463]:[0.496875, 0.0, 1.0, 0.0, 0.0, 0.0, 0.0, 0.0, 0.1]:100:False
[0.496875, 0.0, 1.0, 0.0, 0.0, 0.0, 0.0, 0.0, 0.1]:[0.69302326]:[0.9625, 0.0, 1.0, 0.0, 0.0, 0.0, 0.0, 0.0, 0.1]:0:False
[0.9625, 0.0, 1.0, 0.0, 0.0, 0.0, 0.0, 0.0, 0.1]:[0.05581399]:[1.0140625, 0.0, 1.0, 0.0, 0.0, 0.0, 0.0, 0.0, 0.1]:0:False
[1.0140625, 0.0, 1.0, 0.0, 0.0, 0.0, 0.0, 0.0, 0.1]:[-0.02093027]:[0.996875, 0.0, 1.0, 1.0, 0.0, 0.0, 0.0, 0.0, 0.1]:100:False
[0.996875, 0.0, 1.0, 1.0, 0.0, 0.0, 0.0, 0.0, 0.1]:[0.8830189]:[0.996875, 0.4875, 1.0, 1.0, 0.0, 0.0, 0.0, 0.0, 0.1]:0:False
[0.996875, 0.4875, 1.0, 1.0, 0.0, 0.0, 0.0, 0.0, 0.1]:[0.02264149]:[0.996875, 0.48541668, 1.0, 1.0, 0.0, 0.0, 0.0, 0.0, 0.1]:0:False
[0.996875, 0.48541668, 1.0, 1.0, 0.0, 0.0, 0.0, 0.0, 0.1]:[0.02641507]:[0.996875, 0.5, 1.0, 1.0, 1.0, 0.0, 0.0, 0.0, 0.1]:100:False
[0.996875, 0.5, 1.0, 1.0, 1.0, 0.0, 0.0, 0.0, 0.1]:[0.8679246]:[0.996875, 0.9791667, 1.0, 1.0, 1.0, 0.0, 0.0, 0.0, 0.1]:0:False
[0.996875, 0.9791667, 1.0, 1.0, 1.0, 0.0, 0.0, 0.0, 0.1]:[0.03773581]:[0.996875, 0.99375, 1.0, 1.0, 1.0, 0.0, 0.0, 0.0, 0.1]:0:False
[0.996875, 0.99375, 1.0, 1.0, 1.0, 0.0, 0.0, 0.0, 0.1]:[0.0113208]:[0.996875, 0.99791664, 1.0, 1.0, 1.0, 0.0, 0.0, 1.0, 0.1]:100:True
[0.0, 0.0, 0.0, 0.0, 0.0, 0.0, 0.0, 0.0, 0.1]:[0.68372095]:[0.459375, 0.0, 0.0, 0.0, 0.0, 0.0, 0.0, 0.0, 0.1]:0:False
[0.459375, 0.0, 0.0, 0.0, 0.0, 0.0, 0.0, 0.0, 0.1]:[0.06046512]:[0.5296875, 0.0, 0.0, 0.0, 0.0, 0.0, 0.0, 0.0, 0.1]:0:False
[0.5296875, 0.0, 0.0, 0.0, 0.0, 0.0, 0.0, 0.0, 0.1]:[-0.04418608]:[0.4828125, 0.0, 0.0, 0.0, 0.0, 0.0, 0.0, 0.0, 0.1]:0:False
[0.4828125, 0.0, 0.0, 0.0, 0.0, 0.0, 0.0, 0.0, 0.1]:[0.0255814]:[0.5125, 0.0, 0.0, 0.0, 0.0, 0.0, 0.0, 0.0, 0.1]:0:False
[0.5125, 0.0, 0.0, 0.0, 0.0, 0.0, 0.0, 0.0, 0.1]:[-0.01860463]:[0.484375, 0.0, 0.0, 0.0, 0.0, 0.0, 0.0, 0.0, 0.1]:0:False
[0.484375, 0.0, 0.0, 0.0, 0.0, 0.0, 0.0, 0.0, 0.1]:[0.02325581]:[0.509375, 0.0, 0.0, 0.0, 0.0, 0.0, 0.0, 0.0, 0.1]:0:False
[0.509375, 0.0, 0.0, 0.0, 0.0, 0.0, 0.0, 0.0, 0.1]:[-0.01395345]:[0.4875, 0.0, 0.0, 0.0, 0.0, 0.0, 0.0, 0.0, 0.1]:0:False
[0.4875, 0.0, 0.0, 0.0, 0.0, 0.0, 0.0, 0.0, 0.1]:[0.01860463]:[0.5078125, 0.0, 0.0, 0.0, 0.0, 0.0, 0.0, 0.0, 0.1]:0:False
[0.5078125, 0.0, 0.0, 0.0, 0.0, 0.0, 0.0, 0.0, 0.1]:[-0.01162791]:[0.49375, 0.0, 0.0, 0.0, 0.0, 0.0, 0.0, 0.0, 0.1]:0:False
[0.49375, 0.0, 0.0, 0.0, 0.0, 0.0, 0.0, 0.0, 0.1]:[0.00930232]:[0.5046875, 0.0, 0.0, 0.0, 0.0, 0.0, 0.0, 0.0, 0.1]:0:False
[0.5046875, 0.0, 0.0, 0.0, 0.0, 0.0, 0.0, 0.0, 0.1]:[-0.00697673]:[0.490625, 0.0, 0.0, 0.0, 0.0, 0.0, 0.0, 0.0, 0.1]:0:False
[0.490625, 0.0, 0.0, 0.0, 0.0, 0.0, 0.0, 0.0, 0.1]:[0.0139535]:[0.50625, 0.0, 0.0, 0.0, 0.0, 0.0, 0.0, 0.0, 0.1]:0:False
[0.50625, 0.0, 0.0, 0.0, 0.0, 0.0, 0.0, 0.0, 0.1]:[-0.00930236]:[0.4890625, 0.0, 0.0, 0.0, 0.0, 0.0, 0.0, 0.0, 0.1]:0:False
[0.4890625, 0.0, 0.0, 0.0, 0.0, 0.0, 0.0, 0.0, 0.1]:[0.01627909]:[0.5078125, 0.0, 0.0, 0.0, 0.0, 0.0, 0.0, 0.0, 0.1]:0:False
[0.5078125, 0.0, 0.0, 0.0, 0.0, 0.0, 0.0, 0.0, 0.1]:[-0.01162791]:[0.4953125, 0.0, 0.0, 0.0, 0.0, 0.0, 0.0, 0.0, 0.1]:0:False
[0.4953125, 0.0, 0.0, 0.0, 0.0, 0.0, 0.0, 0.0, 0.1]:[0.00697673]:[0.50625, 0.0, 0.0, 0.0, 0.0, 0.0, 0.0, 0.0, 0.1]:0:False
[0.50625, 0.0, 0.0, 0.0, 0.0, 0.0, 0.0, 0.0, 0.1]:[-0.00930236]:[0.490625, 0.0, 0.0, 0.0, 0.0, 0.0, 0.0, 0.0, 0.1]:0:False
[0.490625, 0.0, 0.0, 0.0, 0.0, 0.0, 0.0, 0.0, 0.1]:[0.0139535]:[0.5015625, 0.0, 1.0, 0.0, 0.0, 0.0, 0.0, 0.0, 0.1]:100:False
[0.5015625, 0.0, 1.0, 0.0, 0.0, 0.0, 0.0, 0.0, 0.1]:[0.83488375]:[1.0625, 0.0, 1.0, 0.0, 0.0, 0.0, 0.0, 0.0, 0.1]:0:False
[1.0625, 0.0, 1.0, 0.0, 0.0, 0.0, 0.0, 0.0, 0.1]:[-0.09302326]:[0.95625, 0.0, 1.0, 0.0, 0.0, 0.0, 0.0, 0.0, 0.1]:0:False
[0.95625, 0.0, 1.0, 0.0, 0.0, 0.0, 0.0, 0.0, 0.1]:[0.06511626]:[1.025, 0.0, 1.0, 0.0, 0.0, 0.0, 0.0, 0.0, 0.1]:0:False
[1.025, 0.0, 1.0, 0.0, 0.0, 0.0, 0.0, 0.0, 0.1]:[-0.03720927]:[0.9734375, 0.0, 1.0, 0.0, 0.0, 0.0, 0.0, 0.0, 0.1]:0:False
[0.9734375, 0.0, 1.0, 0.0, 0.0, 0.0, 0.0, 0.0, 0.1]:[0.0395349]:[1.009375, 0.0, 1.0, 0.0, 0.0, 0.0, 0.0, 0.0, 0.1]:0:False
[1.009375, 0.0, 1.0, 0.0, 0.0, 0.0, 0.0, 0.0, 0.1]:[-0.01395345]:[0.9921875, 0.0, 1.0, 0.0, 0.0, 0.0, 0.0, 0.0, 0.1]:0:False
[0.9921875, 0.0, 1.0, 0.0, 0.0, 0.0, 0.0, 0.0, 0.1]:[0.01162791]:[1.0078125, 0.0, 1.0, 0.0, 0.0, 0.0, 0.0, 0.0, 0.1]:0:False
[1.0078125, 0.0, 1.0, 0.0, 0.0, 0.0, 0.0, 0.0, 0.1]:[-0.01162791]:[0.9859375, 0.0, 1.0, 0.0, 0.0, 0.0, 0.0, 0.0, 0.1]:0:False
[0.9859375, 0.0, 1.0, 0.0, 0.0, 0.0, 0.0, 0.0, 0.1]:[0.02093027]:[1.0140625, 0.0, 1.0, 0.0, 0.0, 0.0, 0.0, 0.0, 0.1]:0:False
[1.0140625, 0.0, 1.0, 0.0, 0.0, 0.0, 0.0, 0.0, 0.1]:[-0.02093027]:[0.9859375, 0.0, 1.0, 0.0, 0.0, 0.0, 0.0, 0.0, 0.1]:0:False
[0.9859375, 0.0, 1.0, 0.0, 0.0, 0.0, 0.0, 0.0, 0.1]:[0.02093027]:[1.009375, 0.0, 1.0, 0.0, 0.0, 0.0, 0.0, 0.0, 0.1]:0:False
[1.009375, 0.0, 1.0, 0.0, 0.0, 0.0, 0.0, 0.0, 0.1]:[-0.01395345]:[0.9875, 0.0, 1.0, 0.0, 0.0, 0.0, 0.0, 0.0, 0.1]:0:False
[0.9875, 0.0, 1.0, 0.0, 0.0, 0.0, 0.0, 0.0, 0.1]:[0.01860463]:[1.0109375, 0.0, 1.0, 0.0, 0.0, 0.0, 0.0, 0.0, 0.1]:0:False
[1.0109375, 0.0, 1.0, 0.0, 0.0, 0.0, 0.0, 0.0, 0.1]:[-0.016279]:[0.9953125, 0.0, 1.0, 0.0, 0.0, 0.0, 0.0, 0.0, 0.1]:0:False
[0.9953125, 0.0, 1.0, 0.0, 0.0, 0.0, 0.0, 0.0, 0.1]:[0.00697673]:[1.003125, 0.0, 1.0, 1.0, 0.0, 0.0, 0.0, 0.0, 0.1]:100:False
[1.003125, 0.0, 1.0, 1.0, 0.0, 0.0, 0.0, 0.0, 0.1]:[1.2490567]:[1.003125, 0.68958336, 1.0, 1.0, 0.0, 0.0, 0.0, 0.0, 0.1]:0:False
[1.003125, 0.68958336, 1.0, 1.0, 0.0, 0.0, 0.0, 0.0, 0.1]:[-0.34339628]:[1.003125, 0.48958334, 1.0, 1.0, 0.0, 0.0, 0.0, 0.0, 0.1]:0:False
[1.003125, 0.48958334, 1.0, 1.0, 0.0, 0.0, 0.0, 0.0, 0.1]:[0.01886791]:[1.003125, 0.49166667, 1.0, 1.0, 0.0, 0.0, 0.0, 0.0, 0.1]:0:False
[1.003125, 0.49166667, 1.0, 1.0, 0.0, 0.0, 0.0, 0.0, 0.1]:[0.01509432]:[1.003125, 0.49583334, 1.0, 1.0, 1.0, 0.0, 0.0, 0.0, 0.1]:100:False
[1.003125, 0.49583334, 1.0, 1.0, 1.0, 0.0, 0.0, 0.0, 0.1]:[0.93962264]:[1.003125, 1.0145833, 1.0, 1.0, 1.0, 0.0, 0.0, 0.0, 0.1]:0:False
[1.003125, 1.0145833, 1.0, 1.0, 1.0, 0.0, 0.0, 0.0, 0.1]:[-0.02641512]:[1.003125, 1.0, 1.0, 1.0, 1.0, 0.0, 0.0, 1.0, 0.1]:100:True
[0.0, 0.0, 0.0, 0.0, 0.0, 0.0, 0.0, 0.0, 0.6]:[0.85116273]:[0.571875, 0.0, 0.0, 0.0, 0.0, 0.0, 0.0, 0.0, 0.6]:0:False
[0.571875, 0.0, 0.0, 0.0, 0.0, 0.0, 0.0, 0.0, 0.6]:[-0.10697671]:[0.5078125, 0.0, 0.0, 0.0, 0.0, 0.0, 0.0, 0.0, 0.6]:0:False
[0.5078125, 0.0, 0.0, 0.0, 0.0, 0.0, 0.0, 0.0, 0.6]:[-0.01162791]:[0.48125, 0.0, 0.0, 0.0, 0.0, 0.0, 0.0, 0.0, 0.6]:0:False
[0.48125, 0.0, 0.0, 0.0, 0.0, 0.0, 0.0, 0.0, 0.6]:[0.027907]:[0.51875, 0.0, 0.0, 0.0, 0.0, 0.0, 0.0, 0.0, 0.6]:0:False
[0.51875, 0.0, 0.0, 0.0, 0.0, 0.0, 0.0, 0.0, 0.6]:[-0.027907]:[0.4921875, 0.0, 0.0, 0.0, 0.0, 0.0, 0.0, 0.0, 0.6]:0:False
[0.4921875, 0.0, 0.0, 0.0, 0.0, 0.0, 0.0, 0.0, 0.6]:[0.01162791]:[0.525, 0.0, 0.0, 0.0, 0.0, 0.0, 0.0, 0.0, 0.6]:0:False
[0.525, 0.0, 0.0, 0.0, 0.0, 0.0, 0.0, 0.0, 0.6]:[-0.03720927]:[0.4828125, 0.0, 0.0, 0.0, 0.0, 0.0, 0.0, 0.0, 0.6]:0:False
[0.4828125, 0.0, 0.0, 0.0, 0.0, 0.0, 0.0, 0.0, 0.6]:[0.0255814]:[0.509375, 0.0, 0.0, 0.0, 0.0, 0.0, 0.0, 0.0, 0.6]:0:False
[0.509375, 0.0, 0.0, 0.0, 0.0, 0.0, 0.0, 0.0, 0.6]:[-0.01395345]:[0.484375, 0.0, 0.0, 0.0, 0.0, 0.0, 0.0, 0.0, 0.6]:0:False
[0.484375, 0.0, 0.0, 0.0, 0.0, 0.0, 0.0, 0.0, 0.6]:[0.02325581]:[0.503125, 0.0, 1.0, 0.0, 0.0, 0.0, 0.0, 0.0, 0.6]:100:False
[0.503125, 0.0, 1.0, 0.0, 0.0, 0.0, 0.0, 0.0, 0.6]:[0.8837208]:[1.096875, 0.0, 1.0, 0.0, 0.0, 0.0, 0.0, 0.0, 0.6]:0:False
[1.096875, 0.0, 1.0, 0.0, 0.0, 0.0, 0.0, 0.0, 0.6]:[-0.14418598]:[1.0171875, 0.0, 1.0, 0.0, 0.0, 0.0, 0.0, 0.0, 0.6]:0:False
[1.0171875, 0.0, 1.0, 0.0, 0.0, 0.0, 0.0, 0.0, 0.6]:[-0.02558136]:[0.9765625, 0.0, 1.0, 0.0, 0.0, 0.0, 0.0, 0.0, 0.6]:0:False
[0.9765625, 0.0, 1.0, 0.0, 0.0, 0.0, 0.0, 0.0, 0.6]:[0.03488372]:[1.0109375, 0.0, 1.0, 0.0, 0.0, 0.0, 0.0, 0.0, 0.6]:0:False
[1.0109375, 0.0, 1.0, 0.0, 0.0, 0.0, 0.0, 0.0, 0.6]:[-0.016279]:[0.98125, 0.0, 1.0, 0.0, 0.0, 0.0, 0.0, 0.0, 0.6]:0:False
[0.98125, 0.0, 1.0, 0.0, 0.0, 0.0, 0.0, 0.0, 0.6]:[0.027907]:[1.015625, 0.0, 1.0, 0.0, 0.0, 0.0, 0.0, 0.0, 0.6]:0:False
[1.015625, 0.0, 1.0, 0.0, 0.0, 0.0, 0.0, 0.0, 0.6]:[-0.02325581]:[0.978125, 0.0, 1.0, 0.0, 0.0, 0.0, 0.0, 0.0, 0.6]:0:False
[0.978125, 0.0, 1.0, 0.0, 0.0, 0.0, 0.0, 0.0, 0.6]:[0.03255818]:[1.0171875, 0.0, 1.0, 0.0, 0.0, 0.0, 0.0, 0.0, 0.6]:0:False
[1.0171875, 0.0, 1.0, 0.0, 0.0, 0.0, 0.0, 0.0, 0.6]:[-0.02558136]:[0.9796875, 0.0, 1.0, 0.0, 0.0, 0.0, 0.0, 0.0, 0.6]:0:False
[0.9796875, 0.0, 1.0, 0.0, 0.0, 0.0, 0.0, 0.0, 0.6]:[0.03023254]:[1.0140625, 0.0, 1.0, 0.0, 0.0, 0.0, 0.0, 0.0, 0.6]:0:False
[1.0140625, 0.0, 1.0, 0.0, 0.0, 0.0, 0.0, 0.0, 0.6]:[-0.02093027]:[0.9796875, 0.0, 1.0, 0.0, 0.0, 0.0, 0.0, 0.0, 0.6]:0:False
[0.9796875, 0.0, 1.0, 0.0, 0.0, 0.0, 0.0, 0.0, 0.6]:[0.03023254]:[1.0078125, 0.0, 1.0, 0.0, 0.0, 0.0, 0.0, 0.0, 0.6]:0:False
[1.0078125, 0.0, 1.0, 0.0, 0.0, 0.0, 0.0, 0.0, 0.6]:[-0.01162791]:[0.9828125, 0.0, 1.0, 0.0, 0.0, 0.0, 0.0, 0.0, 0.6]:0:False
[0.9828125, 0.0, 1.0, 0.0, 0.0, 0.0, 0.0, 0.0, 0.6]:[0.02558136]:[1.00625, 0.0, 1.0, 0.0, 0.0, 0.0, 0.0, 0.0, 0.6]:0:False
[1.00625, 0.0, 1.0, 0.0, 0.0, 0.0, 0.0, 0.0, 0.6]:[-0.00930236]:[0.9734375, 0.0, 1.0, 0.0, 0.0, 0.0, 0.0, 0.0, 0.6]:0:False
[0.9734375, 0.0, 1.0, 0.0, 0.0, 0.0, 0.0, 0.0, 0.6]:[0.0395349]:[1.0046875, 0.0, 1.0, 0.0, 0.0, 0.0, 0.0, 0.0, 0.6]:0:False
[1.0046875, 0.0, 1.0, 0.0, 0.0, 0.0, 0.0, 0.0, 0.6]:[-0.00697681]:[0.9828125, 0.0, 1.0, 0.0, 0.0, 0.0, 0.0, 0.0, 0.6]:0:False
[0.9828125, 0.0, 1.0, 0.0, 0.0, 0.0, 0.0, 0.0, 0.6]:[0.02558136]:[1.0203125, 0.0, 1.0, 0.0, 0.0, 0.0, 0.0, 0.0, 0.6]:0:False
[1.0203125, 0.0, 1.0, 0.0, 0.0, 0.0, 0.0, 0.0, 0.6]:[-0.03023263]:[0.9796875, 0.0, 1.0, 0.0, 0.0, 0.0, 0.0, 0.0, 0.6]:0:False
[0.9796875, 0.0, 1.0, 0.0, 0.0, 0.0, 0.0, 0.0, 0.6]:[0.03023254]:[1.0140625, 0.0, 1.0, 0.0, 0.0, 0.0, 0.0, 0.0, 0.6]:0:False
[1.0140625, 0.0, 1.0, 0.0, 0.0, 0.0, 0.0, 0.0, 0.6]:[-0.02093027]:[0.975, 0.0, 1.0, 0.0, 0.0, 0.0, 0.0, 0.0, 0.6]:0:False
[0.975, 0.0, 1.0, 0.0, 0.0, 0.0, 0.0, 0.0, 0.6]:[0.03720927]:[1.0171875, 0.0, 1.0, 0.0, 0.0, 0.0, 0.0, 0.0, 0.6]:0:False
[1.0171875, 0.0, 1.0, 0.0, 0.0, 0.0, 0.0, 0.0, 0.6]:[-0.02558136]:[0.98125, 0.0, 1.0, 0.0, 0.0, 0.0, 0.0, 0.0, 0.6]:0:False
[0.98125, 0.0, 1.0, 0.0, 0.0, 0.0, 0.0, 0.0, 0.6]:[0.027907]:[1.015625, 0.0, 1.0, 0.0, 0.0, 0.0, 0.0, 0.0, 0.6]:0:False
[1.015625, 0.0, 1.0, 0.0, 0.0, 0.0, 0.0, 0.0, 0.6]:[-0.02325581]:[0.990625, 0.0, 1.0, 0.0, 0.0, 0.0, 0.0, 0.0, 0.6]:0:False
[0.990625, 0.0, 1.0, 0.0, 0.0, 0.0, 0.0, 0.0, 0.6]:[0.01395345]:[1.021875, 0.0, 1.0, 0.0, 0.0, 0.0, 0.0, 0.0, 0.6]:0:False
[1.021875, 0.0, 1.0, 0.0, 0.0, 0.0, 0.0, 0.0, 0.6]:[-0.03255818]:[0.9984375, 0.0, 1.0, 1.0, 0.0, 0.0, 0.0, 0.0, 0.6]:100:False
[0.9984375, 0.0, 1.0, 1.0, 0.0, 0.0, 0.0, 0.0, 0.6]:[0.99999994]:[0.9984375, 0.5520833, 1.0, 1.0, 0.0, 0.0, 0.0, 0.0, 0.6]:0:False
[0.9984375, 0.5520833, 1.0, 1.0, 0.0, 0.0, 0.0, 0.0, 0.6]:[-0.09433959]:[0.9984375, 0.51458335, 1.0, 1.0, 0.0, 0.0, 0.0, 0.0, 0.6]:0:False
[0.9984375, 0.51458335, 1.0, 1.0, 0.0, 0.0, 0.0, 0.0, 0.6]:[-0.02641512]:[0.9984375, 0.49375, 1.0, 1.0, 0.0, 0.0, 0.0, 0.0, 0.6]:0:False
[0.9984375, 0.49375, 1.0, 1.0, 0.0, 0.0, 0.0, 0.0, 0.6]:[0.01132074]:[0.9984375, 0.5104167, 1.0, 1.0, 0.0, 0.0, 0.0, 0.0, 0.6]:0:False
[0.9984375, 0.5104167, 1.0, 1.0, 0.0, 0.0, 0.0, 0.0, 0.6]:[-0.01886796]:[0.9984375, 0.49166667, 1.0, 1.0, 0.0, 0.0, 0.0, 0.0, 0.6]:0:False
[0.9984375, 0.49166667, 1.0, 1.0, 0.0, 0.0, 0.0, 0.0, 0.6]:[0.01509432]:[0.9984375, 0.5104167, 1.0, 1.0, 0.0, 0.0, 0.0, 0.0, 0.6]:0:False
[0.9984375, 0.5104167, 1.0, 1.0, 0.0, 0.0, 0.0, 0.0, 0.6]:[-0.01886796]:[0.9984375, 0.49166667, 1.0, 1.0, 0.0, 0.0, 0.0, 0.0, 0.6]:0:False
[0.9984375, 0.49166667, 1.0, 1.0, 0.0, 0.0, 0.0, 0.0, 0.6]:[0.01509432]:[0.9984375, 0.5083333, 1.0, 1.0, 0.0, 0.0, 0.0, 0.0, 0.6]:0:False
[0.9984375, 0.5083333, 1.0, 1.0, 0.0, 0.0, 0.0, 0.0, 0.6]:[-0.01509432]:[0.9984375, 0.49166667, 1.0, 1.0, 0.0, 0.0, 0.0, 0.0, 0.6]:0:False
[0.9984375, 0.49166667, 1.0, 1.0, 0.0, 0.0, 0.0, 0.0, 0.6]:[0.01509432]:[0.9984375, 0.5083333, 1.0, 1.0, 0.0, 0.0, 0.0, 0.0, 0.6]:0:False
[0.9984375, 0.5083333, 1.0, 1.0, 0.0, 0.0, 0.0, 0.0, 0.6]:[-0.01509432]:[0.9984375, 0.47916666, 1.0, 1.0, 0.0, 0.0, 0.0, 0.0, 0.6]:0:False
[0.9984375, 0.47916666, 1.0, 1.0, 0.0, 0.0, 0.0, 0.0, 0.6]:[0.03773587]:[0.9984375, 0.5083333, 1.0, 1.0, 0.0, 0.0, 0.0, 0.0, 0.6]:0:False
[0.9984375, 0.5083333, 1.0, 1.0, 0.0, 0.0, 0.0, 0.0, 0.6]:[-0.01509432]:[0.9984375, 0.49166667, 1.0, 1.0, 0.0, 0.0, 0.0, 0.0, 0.6]:0:False
[0.9984375, 0.49166667, 1.0, 1.0, 0.0, 0.0, 0.0, 0.0, 0.6]:[0.01509432]:[0.9984375, 0.5083333, 1.0, 1.0, 0.0, 0.0, 0.0, 0.0, 0.6]:0:False
[0.9984375, 0.5083333, 1.0, 1.0, 0.0, 0.0, 0.0, 0.0, 0.6]:[-0.01509432]:[0.9984375, 0.49166667, 1.0, 1.0, 0.0, 0.0, 0.0, 0.0, 0.6]:0:False
[0.9984375, 0.49166667, 1.0, 1.0, 0.0, 0.0, 0.0, 0.0, 0.6]:[0.01509432]:[0.9984375, 0.5104167, 1.0, 1.0, 0.0, 0.0, 0.0, 0.0, 0.6]:0:False
[0.9984375, 0.5104167, 1.0, 1.0, 0.0, 0.0, 0.0, 0.0, 0.6]:[-0.01886796]:[0.9984375, 0.48125, 1.0, 1.0, 0.0, 0.0, 0.0, 0.0, 0.6]:0:False
[0.9984375, 0.48125, 1.0, 1.0, 0.0, 0.0, 0.0, 0.0, 0.6]:[0.03396229]:[0.9984375, 0.5104167, 1.0, 1.0, 0.0, 0.0, 0.0, 0.0, 0.6]:0:False
[0.9984375, 0.5104167, 1.0, 1.0, 0.0, 0.0, 0.0, 0.0, 0.6]:[-0.01886796]:[0.9984375, 0.47916666, 1.0, 1.0, 0.0, 0.0, 0.0, 0.0, 0.6]:0:False
[0.9984375, 0.47916666, 1.0, 1.0, 0.0, 0.0, 0.0, 0.0, 0.6]:[0.03773587]:[0.9984375, 0.5104167, 1.0, 1.0, 0.0, 0.0, 0.0, 0.0, 0.6]:0:False
[0.9984375, 0.5104167, 1.0, 1.0, 0.0, 0.0, 0.0, 0.0, 0.6]:[-0.01886796]:[0.9984375, 0.50208336, 1.0, 1.0, 1.0, 0.0, 0.0, 0.0, 0.6]:100:False
[0.9984375, 0.50208336, 1.0, 1.0, 1.0, 0.0, 0.0, 0.0, 0.6]:[1.0867923]:[0.9984375, 1.1020833, 1.0, 1.0, 1.0, 0.0, 0.0, 0.0, 0.6]:0:False
[0.9984375, 1.1020833, 1.0, 1.0, 1.0, 0.0, 0.0, 0.0, 0.6]:[-0.18490565]:[0.9984375, 1.0479167, 1.0, 1.0, 1.0, 0.0, 0.0, 0.0, 0.6]:0:False
[0.9984375, 1.0479167, 1.0, 1.0, 1.0, 0.0, 0.0, 0.0, 0.6]:[-0.08679242]:[0.9984375, 0.99583334, 1.0, 1.0, 1.0, 0.0, 0.0, 1.0, 0.6]:100:True
[0.0, 0.0, 0.0, 0.0, 0.0, 0.0, 0.0, 0.0, 0.6]:[0.81395346]:[0.546875, 0.0, 0.0, 0.0, 0.0, 0.0, 0.0, 0.0, 0.6]:0:False
[0.546875, 0.0, 0.0, 0.0, 0.0, 0.0, 0.0, 0.0, 0.6]:[-0.06976745]:[0.496875, 0.0, 1.0, 0.0, 0.0, 0.0, 0.0, 0.0, 0.6]:100:False
[0.496875, 0.0, 1.0, 0.0, 0.0, 0.0, 0.0, 0.0, 0.6]:[0.80697674]:[1.0390625, 0.0, 1.0, 0.0, 0.0, 0.0, 0.0, 0.0, 0.6]:0:False
[1.0390625, 0.0, 1.0, 0.0, 0.0, 0.0, 0.0, 0.0, 0.6]:[-0.05813954]:[0.990625, 0.0, 1.0, 0.0, 0.0, 0.0, 0.0, 0.0, 0.6]:0:False
[0.990625, 0.0, 1.0, 0.0, 0.0, 0.0, 0.0, 0.0, 0.6]:[0.01395345]:[1.0171875, 0.0, 1.0, 0.0, 0.0, 0.0, 0.0, 0.0, 0.6]:0:False
[1.0171875, 0.0, 1.0, 0.0, 0.0, 0.0, 0.0, 0.0, 0.6]:[-0.02558136]:[1.0015625, 0.0, 1.0, 1.0, 0.0, 0.0, 0.0, 0.0, 0.6]:100:False
[1.0015625, 0.0, 1.0, 1.0, 0.0, 0.0, 0.0, 0.0, 0.6]:[0.9660378]:[1.0015625, 0.53333336, 1.0, 1.0, 0.0, 0.0, 0.0, 0.0, 0.6]:0:False
[1.0015625, 0.53333336, 1.0, 1.0, 0.0, 0.0, 0.0, 0.0, 0.6]:[-0.06037741]:[1.0015625, 0.49791667, 1.0, 1.0, 1.0, 0.0, 0.0, 0.0, 0.6]:100:False
[1.0015625, 0.49791667, 1.0, 1.0, 1.0, 0.0, 0.0, 0.0, 0.6]:[0.98113203]:[1.0015625, 1.0395833, 1.0, 1.0, 1.0, 0.0, 0.0, 0.0, 0.6]:0:False
[1.0015625, 1.0395833, 1.0, 1.0, 1.0, 0.0, 0.0, 0.0, 0.6]:[-0.0716981]:[1.0015625, 1.00625, 1.0, 1.0, 1.0, 0.0, 0.0, 0.0, 0.6]:0:False
[1.0015625, 1.00625, 1.0, 1.0, 1.0, 0.0, 0.0, 0.0, 0.6]:[-0.0113208]:[1.0015625, 1.0020833, 1.0, 1.0, 1.0, 0.0, 0.0, 1.0, 0.6]:100:True
[0.0, 0.0, 0.0, 0.0, 0.0, 0.0, 0.0, 0.0, 0.6]:[0.81627905]:[0.5484375, 0.0, 0.0, 0.0, 0.0, 0.0, 0.0, 0.0, 0.6]:0:False
[0.5484375, 0.0, 0.0, 0.0, 0.0, 0.0, 0.0, 0.0, 0.6]:[-0.07209299]:[0.4984375, 0.0, 1.0, 0.0, 0.0, 0.0, 0.0, 0.0, 0.6]:100:False
[0.4984375, 0.0, 1.0, 0.0, 0.0, 0.0, 0.0, 0.0, 0.6]:[0.8093023]:[1.0421875, 0.0, 1.0, 0.0, 0.0, 0.0, 0.0, 0.0, 0.6]:0:False
[1.0421875, 0.0, 1.0, 0.0, 0.0, 0.0, 0.0, 0.0, 0.6]:[-0.06279062]:[1.0, 0.0, 1.0, 1.0, 0.0, 0.0, 0.0, 0.0, 0.6]:100:False
[1.0, 0.0, 1.0, 1.0, 0.0, 0.0, 0.0, 0.0, 0.6]:[0.9660378]:[1.0, 0.53333336, 1.0, 1.0, 0.0, 0.0, 0.0, 0.0, 0.6]:0:False
[1.0, 0.53333336, 1.0, 1.0, 0.0, 0.0, 0.0, 0.0, 0.6]:[-0.06037741]:[1.0, 0.5, 1.0, 1.0, 1.0, 0.0, 0.0, 0.0, 0.6]:100:False
[1.0, 0.5, 1.0, 1.0, 1.0, 0.0, 0.0, 0.0, 0.6]:[0.9962263]:[1.0, 1.05, 1.0, 1.0, 1.0, 0.0, 0.0, 0.0, 0.6]:0:False
[1.0, 1.05, 1.0, 1.0, 1.0, 0.0, 0.0, 0.0, 0.6]:[-0.09056595]:[1.0, 0.99791664, 1.0, 1.0, 1.0, 0.0, 0.0, 1.0, 0.6]:100:True
[0.0, 0.0, 0.0, 0.0, 0.0, 0.0, 0.0, 0.0, 0.6]:[0.81627905]:[0.5484375, 0.0, 0.0, 0.0, 0.0, 0.0, 0.0, 0.0, 0.6]:0:False
[0.5484375, 0.0, 0.0, 0.0, 0.0, 0.0, 0.0, 0.0, 0.6]:[-0.07209299]:[0.5015625, 0.0, 1.0, 0.0, 0.0, 0.0, 0.0, 0.0, 0.6]:100:False
[0.5015625, 0.0, 1.0, 0.0, 0.0, 0.0, 0.0, 0.0, 0.6]:[0.8093024]:[1.0453125, 0.0, 1.0, 0.0, 0.0, 0.0, 0.0, 0.0, 0.6]:0:False
[1.0453125, 0.0, 1.0, 0.0, 0.0, 0.0, 0.0, 0.0, 0.6]:[-0.0674419]:[1.003125, 0.0, 1.0, 1.0, 0.0, 0.0, 0.0, 0.0, 0.6]:100:False
[1.003125, 0.0, 1.0, 1.0, 0.0, 0.0, 0.0, 0.0, 0.6]:[0.97358495]:[1.003125, 0.5375, 1.0, 1.0, 0.0, 0.0, 0.0, 0.0, 0.6]:0:False
[1.003125, 0.5375, 1.0, 1.0, 0.0, 0.0, 0.0, 0.0, 0.6]:[-0.06792457]:[1.003125, 0.50208336, 1.0, 1.0, 1.0, 0.0, 0.0, 0.0, 0.6]:100:False
[1.003125, 0.50208336, 1.0, 1.0, 1.0, 0.0, 0.0, 0.0, 0.6]:[1.0037735]:[1.003125, 1.05625, 1.0, 1.0, 1.0, 0.0, 0.0, 0.0, 0.6]:0:False
[1.003125, 1.05625, 1.0, 1.0, 1.0, 0.0, 0.0, 0.0, 0.6]:[-0.10188675]:[1.003125, 1.01875, 1.0, 1.0, 1.0, 0.0, 0.0, 0.0, 0.6]:0:False
[1.003125, 1.01875, 1.0, 1.0, 1.0, 0.0, 0.0, 0.0, 0.6]:[-0.03396218]:[1.003125, 0.98125, 1.0, 1.0, 1.0, 0.0, 0.0, 0.0, 0.6]:0:False
[1.003125, 0.98125, 1.0, 1.0, 1.0, 0.0, 0.0, 0.0, 0.6]:[0.03396229]:[1.003125, 0.99791664, 1.0, 1.0, 1.0, 0.0, 0.0, 1.0, 0.6]:100:True
[0.0, 0.0, 0.0, 0.0, 0.0, 0.0, 0.0, 0.0, 0.6]:[0.82325584]:[0.553125, 0.0, 0.0, 0.0, 0.0, 0.0, 0.0, 0.0, 0.6]:0:False
[0.553125, 0.0, 0.0, 0.0, 0.0, 0.0, 0.0, 0.0, 0.6]:[-0.0790698]:[0.496875, 0.0, 1.0, 0.0, 0.0, 0.0, 0.0, 0.0, 0.6]:100:False
[0.496875, 0.0, 1.0, 0.0, 0.0, 0.0, 0.0, 0.0, 0.6]:[0.8348837]:[1.0578125, 0.0, 1.0, 0.0, 0.0, 0.0, 0.0, 0.0, 0.6]:0:False
[1.0578125, 0.0, 1.0, 0.0, 0.0, 0.0, 0.0, 0.0, 0.6]:[-0.08604644]:[1.0109375, 0.0, 1.0, 0.0, 0.0, 0.0, 0.0, 0.0, 0.6]:0:False
[1.0109375, 0.0, 1.0, 0.0, 0.0, 0.0, 0.0, 0.0, 0.6]:[-0.016279]:[0.9796875, 0.0, 1.0, 0.0, 0.0, 0.0, 0.0, 0.0, 0.6]:0:False
[0.9796875, 0.0, 1.0, 0.0, 0.0, 0.0, 0.0, 0.0, 0.6]:[0.03023254]:[1.015625, 0.0, 1.0, 0.0, 0.0, 0.0, 0.0, 0.0, 0.6]:0:False
[1.015625, 0.0, 1.0, 0.0, 0.0, 0.0, 0.0, 0.0, 0.6]:[-0.02325581]:[0.9765625, 0.0, 1.0, 0.0, 0.0, 0.0, 0.0, 0.0, 0.6]:0:False
[0.9765625, 0.0, 1.0, 0.0, 0.0, 0.0, 0.0, 0.0, 0.6]:[0.03488372]:[1.0125, 0.0, 1.0, 0.0, 0.0, 0.0, 0.0, 0.0, 0.6]:0:False
[1.0125, 0.0, 1.0, 0.0, 0.0, 0.0, 0.0, 0.0, 0.6]:[-0.01860472]:[0.9828125, 0.0, 1.0, 0.0, 0.0, 0.0, 0.0, 0.0, 0.6]:0:False
[0.9828125, 0.0, 1.0, 0.0, 0.0, 0.0, 0.0, 0.0, 0.6]:[0.02558136]:[1.003125, 0.0, 1.0, 1.0, 0.0, 0.0, 0.0, 0.0, 0.6]:100:False
[1.003125, 0.0, 1.0, 1.0, 0.0, 0.0, 0.0, 0.0, 0.6]:[0.99622643]:[1.003125, 0.55, 1.0, 1.0, 0.0, 0.0, 0.0, 0.0, 0.6]:0:False
[1.003125, 0.55, 1.0, 1.0, 0.0, 0.0, 0.0, 0.0, 0.6]:[-0.09056606]:[1.003125, 0.50208336, 1.0, 1.0, 1.0, 0.0, 0.0, 0.0, 0.6]:100:False
[1.003125, 0.50208336, 1.0, 1.0, 1.0, 0.0, 0.0, 0.0, 0.6]:[1.007547]:[1.003125, 1.0583333, 1.0, 1.0, 1.0, 0.0, 0.0, 0.0, 0.6]:0:False
[1.003125, 1.0583333, 1.0, 1.0, 1.0, 0.0, 0.0, 0.0, 0.6]:[-0.10566027]:[1.003125, 1.0125, 1.0, 1.0, 1.0, 0.0, 0.0, 0.0, 0.6]:0:False
[1.003125, 1.0125, 1.0, 1.0, 1.0, 0.0, 0.0, 0.0, 0.6]:[-0.0226416]:[1.003125, 0.98333335, 1.0, 1.0, 1.0, 0.0, 0.0, 0.0, 0.6]:0:False
[1.003125, 0.98333335, 1.0, 1.0, 1.0, 0.0, 0.0, 0.0, 0.6]:[0.03018865]:[1.003125, 1.0020833, 1.0, 1.0, 1.0, 0.0, 0.0, 1.0, 0.6]:100:True
[0.0, 0.0, 0.0, 0.0, 0.0, 0.0, 0.0, 0.0, 0.6]:[0.9465116]:[0.6359375, 0.0, 0.0, 0.0, 0.0, 0.0, 0.0, 0.0, 0.6]:0:False
[0.6359375, 0.0, 0.0, 0.0, 0.0, 0.0, 0.0, 0.0, 0.6]:[-0.2023256]:[0.534375, 0.0, 0.0, 0.0, 0.0, 0.0, 0.0, 0.0, 0.6]:0:False
[0.534375, 0.0, 0.0, 0.0, 0.0, 0.0, 0.0, 0.0, 0.6]:[-0.05116281]:[0.490625, 0.0, 0.0, 0.0, 0.0, 0.0, 0.0, 0.0, 0.6]:0:False
[0.490625, 0.0, 0.0, 0.0, 0.0, 0.0, 0.0, 0.0, 0.6]:[0.0139535]:[0.51875, 0.0, 0.0, 0.0, 0.0, 0.0, 0.0, 0.0, 0.6]:0:False
[0.51875, 0.0, 0.0, 0.0, 0.0, 0.0, 0.0, 0.0, 0.6]:[-0.027907]:[0.4859375, 0.0, 0.0, 0.0, 0.0, 0.0, 0.0, 0.0, 0.6]:0:False
[0.4859375, 0.0, 0.0, 0.0, 0.0, 0.0, 0.0, 0.0, 0.6]:[0.02093022]:[0.5015625, 0.0, 1.0, 0.0, 0.0, 0.0, 0.0, 0.0, 0.6]:100:False
[0.5015625, 0.0, 1.0, 0.0, 0.0, 0.0, 0.0, 0.0, 0.6]:[0.8697675]:[1.0859375, 0.0, 1.0, 0.0, 0.0, 0.0, 0.0, 0.0, 0.6]:0:False
[1.0859375, 0.0, 1.0, 0.0, 0.0, 0.0, 0.0, 0.0, 0.6]:[-0.12790698]:[1.009375, 0.0, 1.0, 0.0, 0.0, 0.0, 0.0, 0.0, 0.6]:0:False
[1.009375, 0.0, 1.0, 0.0, 0.0, 0.0, 0.0, 0.0, 0.6]:[-0.01395345]:[0.984375, 0.0, 1.0, 0.0, 0.0, 0.0, 0.0, 0.0, 0.6]:0:False
[0.984375, 0.0, 1.0, 0.0, 0.0, 0.0, 0.0, 0.0, 0.6]:[0.02325581]:[1.0109375, 0.0, 1.0, 0.0, 0.0, 0.0, 0.0, 0.0, 0.6]:0:False
[1.0109375, 0.0, 1.0, 0.0, 0.0, 0.0, 0.0, 0.0, 0.6]:[-0.016279]:[0.9828125, 0.0, 1.0, 0.0, 0.0, 0.0, 0.0, 0.0, 0.6]:0:False
[0.9828125, 0.0, 1.0, 0.0, 0.0, 0.0, 0.0, 0.0, 0.6]:[0.02558136]:[1.0078125, 0.0, 1.0, 0.0, 0.0, 0.0, 0.0, 0.0, 0.6]:0:False
[1.0078125, 0.0, 1.0, 0.0, 0.0, 0.0, 0.0, 0.0, 0.6]:[-0.01162791]:[0.9859375, 0.0, 1.0, 0.0, 0.0, 0.0, 0.0, 0.0, 0.6]:0:False
[0.9859375, 0.0, 1.0, 0.0, 0.0, 0.0, 0.0, 0.0, 0.6]:[0.02093027]:[1.0234375, 0.0, 1.0, 0.0, 0.0, 0.0, 0.0, 0.0, 0.6]:0:False
[1.0234375, 0.0, 1.0, 0.0, 0.0, 0.0, 0.0, 0.0, 0.6]:[-0.03488372]:[0.984375, 0.0, 1.0, 0.0, 0.0, 0.0, 0.0, 0.0, 0.6]:0:False
[0.984375, 0.0, 1.0, 0.0, 0.0, 0.0, 0.0, 0.0, 0.6]:[0.02325581]:[1.021875, 0.0, 1.0, 0.0, 0.0, 0.0, 0.0, 0.0, 0.6]:0:False
[1.021875, 0.0, 1.0, 0.0, 0.0, 0.0, 0.0, 0.0, 0.6]:[-0.03255818]:[0.9828125, 0.0, 1.0, 0.0, 0.0, 0.0, 0.0, 0.0, 0.6]:0:False
[0.9828125, 0.0, 1.0, 0.0, 0.0, 0.0, 0.0, 0.0, 0.6]:[0.02558136]:[1.021875, 0.0, 1.0, 0.0, 0.0, 0.0, 0.0, 0.0, 0.6]:0:False
[1.021875, 0.0, 1.0, 0.0, 0.0, 0.0, 0.0, 0.0, 0.6]:[-0.03255818]:[0.98125, 0.0, 1.0, 0.0, 0.0, 0.0, 0.0, 0.0, 0.6]:0:False
[0.98125, 0.0, 1.0, 0.0, 0.0, 0.0, 0.0, 0.0, 0.6]:[0.027907]:[1.0140625, 0.0, 1.0, 0.0, 0.0, 0.0, 0.0, 0.0, 0.6]:0:False
[1.0140625, 0.0, 1.0, 0.0, 0.0, 0.0, 0.0, 0.0, 0.6]:[-0.02093027]:[0.975, 0.0, 1.0, 0.0, 0.0, 0.0, 0.0, 0.0, 0.6]:0:False
[0.975, 0.0, 1.0, 0.0, 0.0, 0.0, 0.0, 0.0, 0.6]:[0.03720927]:[1.0125, 0.0, 1.0, 0.0, 0.0, 0.0, 0.0, 0.0, 0.6]:0:False
[1.0125, 0.0, 1.0, 0.0, 0.0, 0.0, 0.0, 0.0, 0.6]:[-0.01860472]:[0.9890625, 0.0, 1.0, 0.0, 0.0, 0.0, 0.0, 0.0, 0.6]:0:False
[0.9890625, 0.0, 1.0, 0.0, 0.0, 0.0, 0.0, 0.0, 0.6]:[0.01627909]:[1.0203125, 0.0, 1.0, 0.0, 0.0, 0.0, 0.0, 0.0, 0.6]:0:False
[1.0203125, 0.0, 1.0, 0.0, 0.0, 0.0, 0.0, 0.0, 0.6]:[-0.03023263]:[0.9796875, 0.0, 1.0, 0.0, 0.0, 0.0, 0.0, 0.0, 0.6]:0:False
[0.9796875, 0.0, 1.0, 0.0, 0.0, 0.0, 0.0, 0.0, 0.6]:[0.03023254]:[1.01875, 0.0, 1.0, 0.0, 0.0, 0.0, 0.0, 0.0, 0.6]:0:False
[1.01875, 0.0, 1.0, 0.0, 0.0, 0.0, 0.0, 0.0, 0.6]:[-0.02790691]:[0.9875, 0.0, 1.0, 0.0, 0.0, 0.0, 0.0, 0.0, 0.6]:0:False
[0.9875, 0.0, 1.0, 0.0, 0.0, 0.0, 0.0, 0.0, 0.6]:[0.01860463]:[1.01875, 0.0, 1.0, 0.0, 0.0, 0.0, 0.0, 0.0, 0.6]:0:False
[1.01875, 0.0, 1.0, 0.0, 0.0, 0.0, 0.0, 0.0, 0.6]:[-0.02790691]:[0.9765625, 0.0, 1.0, 0.0, 0.0, 0.0, 0.0, 0.0, 0.6]:0:False
[0.9765625, 0.0, 1.0, 0.0, 0.0, 0.0, 0.0, 0.0, 0.6]:[0.03488372]:[1.0140625, 0.0, 1.0, 0.0, 0.0, 0.0, 0.0, 0.0, 0.6]:0:False
[1.0140625, 0.0, 1.0, 0.0, 0.0, 0.0, 0.0, 0.0, 0.6]:[-0.02093027]:[0.975, 0.0, 1.0, 0.0, 0.0, 0.0, 0.0, 0.0, 0.6]:0:False
[0.0, 0.0, 0.0, 0.0, 0.0, 0.0, 0.0, 0.0, 0.6]:[0.7372093]:[0.4953125, 0.0, 0.0, 0.0, 0.0, 0.0, 0.0, 0.0, 0.6]:0:False
[0.4953125, 0.0, 0.0, 0.0, 0.0, 0.0, 0.0, 0.0, 0.6]:[0.00697673]:[0.5203125, 0.0, 0.0, 0.0, 0.0, 0.0, 0.0, 0.0, 0.6]:0:False
[0.5203125, 0.0, 0.0, 0.0, 0.0, 0.0, 0.0, 0.0, 0.6]:[-0.03023254]:[0.4859375, 0.0, 0.0, 0.0, 0.0, 0.0, 0.0, 0.0, 0.6]:0:False
[0.4859375, 0.0, 0.0, 0.0, 0.0, 0.0, 0.0, 0.0, 0.6]:[0.02093022]:[0.5203125, 0.0, 0.0, 0.0, 0.0, 0.0, 0.0, 0.0, 0.6]:0:False
[0.5203125, 0.0, 0.0, 0.0, 0.0, 0.0, 0.0, 0.0, 0.6]:[-0.03023254]:[0.490625, 0.0, 0.0, 0.0, 0.0, 0.0, 0.0, 0.0, 0.6]:0:False
[0.490625, 0.0, 0.0, 0.0, 0.0, 0.0, 0.0, 0.0, 0.6]:[0.0139535]:[0.525, 0.0, 0.0, 0.0, 0.0, 0.0, 0.0, 0.0, 0.6]:0:False
[0.525, 0.0, 0.0, 0.0, 0.0, 0.0, 0.0, 0.0, 0.6]:[-0.03720927]:[0.4828125, 0.0, 0.0, 0.0, 0.0, 0.0, 0.0, 0.0, 0.6]:0:False
[0.4828125, 0.0, 0.0, 0.0, 0.0, 0.0, 0.0, 0.0, 0.6]:[0.0255814]:[0.51875, 0.0, 0.0, 0.0, 0.0, 0.0, 0.0, 0.0, 0.6]:0:False
[0.51875, 0.0, 0.0, 0.0, 0.0, 0.0, 0.0, 0.0, 0.6]:[-0.027907]:[0.4734375, 0.0, 0.0, 0.0, 0.0, 0.0, 0.0, 0.0, 0.6]:0:False
[0.4734375, 0.0, 0.0, 0.0, 0.0, 0.0, 0.0, 0.0, 0.6]:[0.0395349]:[0.509375, 0.0, 0.0, 0.0, 0.0, 0.0, 0.0, 0.0, 0.6]:0:False
[0.509375, 0.0, 0.0, 0.0, 0.0, 0.0, 0.0, 0.0, 0.6]:[-0.01395345]:[0.4859375, 0.0, 0.0, 0.0, 0.0, 0.0, 0.0, 0.0, 0.6]:0:False
[0.4859375, 0.0, 0.0, 0.0, 0.0, 0.0, 0.0, 0.0, 0.6]:[0.02093022]:[0.5265625, 0.0, 0.0, 0.0, 0.0, 0.0, 0.0, 0.0, 0.6]:0:False
[0.5265625, 0.0, 0.0, 0.0, 0.0, 0.0, 0.0, 0.0, 0.6]:[-0.0395349]:[0.4796875, 0.0, 0.0, 0.0, 0.0, 0.0, 0.0, 0.0, 0.6]:0:False
[0.4796875, 0.0, 0.0, 0.0, 0.0, 0.0, 0.0, 0.0, 0.6]:[0.03023254]:[0.51875, 0.0, 0.0, 0.0, 0.0, 0.0, 0.0, 0.0, 0.6]:0:False
[0.51875, 0.0, 0.0, 0.0, 0.0, 0.0, 0.0, 0.0, 0.6]:[-0.027907]:[0.4828125, 0.0, 0.0, 0.0, 0.0, 0.0, 0.0, 0.0, 0.6]:0:False
[0.4828125, 0.0, 0.0, 0.0, 0.0, 0.0, 0.0, 0.0, 0.6]:[0.0255814]:[0.503125, 0.0, 1.0, 0.0, 0.0, 0.0, 0.0, 0.0, 0.6]:100:False
[0.503125, 0.0, 1.0, 0.0, 0.0, 0.0, 0.0, 0.0, 0.6]:[0.79999995]:[1.040625, 0.0, 1.0, 0.0, 0.0, 0.0, 0.0, 0.0, 0.6]:0:False
[1.040625, 0.0, 1.0, 0.0, 0.0, 0.0, 0.0, 0.0, 0.6]:[-0.06046508]:[1.003125, 0.0, 1.0, 1.0, 0.0, 0.0, 0.0, 0.0, 0.6]:100:False
[1.003125, 0.0, 1.0, 1.0, 0.0, 0.0, 0.0, 0.0, 0.6]:[0.9622642]:[1.003125, 0.53125, 1.0, 1.0, 0.0, 0.0, 0.0, 0.0, 0.6]:0:False
[1.003125, 0.53125, 1.0, 1.0, 0.0, 0.0, 0.0, 0.0, 0.6]:[-0.05660377]:[1.003125, 0.49583334, 1.0, 1.0, 1.0, 0.0, 0.0, 0.0, 0.6]:100:False
[1.003125, 0.49583334, 1.0, 1.0, 1.0, 0.0, 0.0, 0.0, 0.6]:[0.93584913]:[1.003125, 1.0125, 1.0, 1.0, 1.0, 0.0, 0.0, 0.0, 0.6]:0:False
[1.003125, 1.0125, 1.0, 1.0, 1.0, 0.0, 0.0, 0.0, 0.6]:[-0.0226416]:[1.003125, 1.0104166, 1.0, 1.0, 1.0, 0.0, 0.0, 0.0, 0.6]:0:False
[1.003125, 1.0104166, 1.0, 1.0, 1.0, 0.0, 0.0, 0.0, 0.6]:[-0.01886785]:[1.003125, 0.99375, 1.0, 1.0, 1.0, 0.0, 0.0, 0.0, 0.6]:0:False
[1.003125, 0.99375, 1.0, 1.0, 1.0, 0.0, 0.0, 0.0, 0.6]:[0.0113208]:[1.003125, 0.99791664, 1.0, 1.0, 1.0, 0.0, 0.0, 1.0, 0.6]:100:True
[0.0, 0.0, 0.0, 0.0, 0.0, 0.0, 0.0, 0.0, 0.6]:[0.8]:[0.5375, 0.0, 0.0, 0.0, 0.0, 0.0, 0.0, 0.0, 0.6]:0:False
[0.5375, 0.0, 0.0, 0.0, 0.0, 0.0, 0.0, 0.0, 0.6]:[-0.05581399]:[0.490625, 0.0, 0.0, 0.0, 0.0, 0.0, 0.0, 0.0, 0.6]:0:False
[0.490625, 0.0, 0.0, 0.0, 0.0, 0.0, 0.0, 0.0, 0.6]:[0.0139535]:[0.525, 0.0, 0.0, 0.0, 0.0, 0.0, 0.0, 0.0, 0.6]:0:False
[0.525, 0.0, 0.0, 0.0, 0.0, 0.0, 0.0, 0.0, 0.6]:[-0.03720927]:[0.4984375, 0.0, 1.0, 0.0, 0.0, 0.0, 0.0, 0.0, 0.6]:100:False
[0.4984375, 0.0, 1.0, 0.0, 0.0, 0.0, 0.0, 0.0, 0.6]:[0.7953488]:[1.0328125, 0.0, 1.0, 0.0, 0.0, 0.0, 0.0, 0.0, 0.6]:0:False
[1.0328125, 0.0, 1.0, 0.0, 0.0, 0.0, 0.0, 0.0, 0.6]:[-0.04883717]:[0.9984375, 0.0, 1.0, 1.0, 0.0, 0.0, 0.0, 0.0, 0.6]:100:False
[0.9984375, 0.0, 1.0, 1.0, 0.0, 0.0, 0.0, 0.0, 0.6]:[0.9698113]:[0.9984375, 0.53541666, 1.0, 1.0, 0.0, 0.0, 0.0, 0.0, 0.6]:0:False
[0.9984375, 0.53541666, 1.0, 1.0, 0.0, 0.0, 0.0, 0.0, 0.6]:[-0.06415094]:[0.9984375, 0.50208336, 1.0, 1.0, 1.0, 0.0, 0.0, 0.0, 0.6]:100:False
[0.9984375, 0.50208336, 1.0, 1.0, 1.0, 0.0, 0.0, 0.0, 0.6]:[0.9698113]:[0.9984375, 1.0375, 1.0, 1.0, 1.0, 0.0, 0.0, 0.0, 0.6]:0:False
[0.9984375, 1.0375, 1.0, 1.0, 1.0, 0.0, 0.0, 0.0, 0.6]:[-0.06792457]:[0.9984375, 1.0020833, 1.0, 1.0, 1.0, 0.0, 0.0, 1.0, 0.6]:100:True
[0.0, 0.0, 0.0, 0.0, 0.0, 0.0, 0.0, 0.0, 0.6]:[0.7976744]:[0.5359375, 0.0, 0.0, 0.0, 0.0, 0.0, 0.0, 0.0, 0.6]:0:False
[0.5359375, 0.0, 0.0, 0.0, 0.0, 0.0, 0.0, 0.0, 0.6]:[-0.05348836]:[0.496875, 0.0, 1.0, 0.0, 0.0, 0.0, 0.0, 0.0, 0.6]:100:False
[0.496875, 0.0, 1.0, 0.0, 0.0, 0.0, 0.0, 0.0, 0.6]:[0.8046512]:[1.0375, 0.0, 1.0, 0.0, 0.0, 0.0, 0.0, 0.0, 0.6]:0:False
[1.0375, 0.0, 1.0, 0.0, 0.0, 0.0, 0.0, 0.0, 0.6]:[-0.05581399]:[0.9953125, 0.0, 1.0, 0.0, 0.0, 0.0, 0.0, 0.0, 0.6]:0:False
[0.9953125, 0.0, 1.0, 0.0, 0.0, 0.0, 0.0, 0.0, 0.6]:[0.00697673]:[1.0078125, 0.0, 1.0, 0.0, 0.0, 0.0, 0.0, 0.0, 0.6]:0:False
[1.0078125, 0.0, 1.0, 0.0, 0.0, 0.0, 0.0, 0.0, 0.6]:[-0.01162791]:[0.9984375, 0.0, 1.0, 1.0, 0.0, 0.0, 0.0, 0.0, 0.6]:100:False
[0.9984375, 0.0, 1.0, 1.0, 0.0, 0.0, 0.0, 0.0, 0.6]:[0.9622642]:[0.9984375, 0.53125, 1.0, 1.0, 0.0, 0.0, 0.0, 0.0, 0.6]:0:False
[0.9984375, 0.53125, 1.0, 1.0, 0.0, 0.0, 0.0, 0.0, 0.6]:[-0.05660377]:[0.9984375, 0.49583334, 1.0, 1.0, 1.0, 0.0, 0.0, 0.0, 0.6]:100:False
[0.9984375, 0.49583334, 1.0, 1.0, 1.0, 0.0, 0.0, 0.0, 0.6]:[0.93962264]:[0.9984375, 1.0145833, 1.0, 1.0, 1.0, 0.0, 0.0, 0.0, 0.6]:0:False
[0.9984375, 1.0145833, 1.0, 1.0, 1.0, 0.0, 0.0, 0.0, 0.6]:[-0.02641512]:[0.9984375, 0.99583334, 1.0, 1.0, 1.0, 0.0, 0.0, 1.0, 0.6]:100:True
[0.0, 0.0, 0.0, 0.0, 0.0, 0.0, 0.0, 0.0, 0.6]:[0.8023256]:[0.5390625, 0.0, 0.0, 0.0, 0.0, 0.0, 0.0, 0.0, 0.6]:0:False
[0.5390625, 0.0, 0.0, 0.0, 0.0, 0.0, 0.0, 0.0, 0.6]:[-0.05813954]:[0.5015625, 0.0, 1.0, 0.0, 0.0, 0.0, 0.0, 0.0, 0.6]:100:False
[0.5015625, 0.0, 1.0, 0.0, 0.0, 0.0, 0.0, 0.0, 0.6]:[0.7976745]:[1.0375, 0.0, 1.0, 0.0, 0.0, 0.0, 0.0, 0.0, 0.6]:0:False
[1.0375, 0.0, 1.0, 0.0, 0.0, 0.0, 0.0, 0.0, 0.6]:[-0.05581399]:[0.9984375, 0.0, 1.0, 1.0, 0.0, 0.0, 0.0, 0.0, 0.6]:100:False
[0.9984375, 0.0, 1.0, 1.0, 0.0, 0.0, 0.0, 0.0, 0.6]:[0.9660378]:[0.9984375, 0.53333336, 1.0, 1.0, 0.0, 0.0, 0.0, 0.0, 0.6]:0:False
[0.9984375, 0.53333336, 1.0, 1.0, 0.0, 0.0, 0.0, 0.0, 0.6]:[-0.06037741]:[0.9984375, 0.49791667, 1.0, 1.0, 1.0, 0.0, 0.0, 0.0, 0.6]:100:False
[0.9984375, 0.49791667, 1.0, 1.0, 1.0, 0.0, 0.0, 0.0, 0.6]:[0.96603775]:[0.9984375, 1.03125, 1.0, 1.0, 1.0, 0.0, 0.0, 0.0, 0.6]:0:False
[0.9984375, 1.03125, 1.0, 1.0, 1.0, 0.0, 0.0, 0.0, 0.6]:[-0.05660377]:[0.9984375, 1.0125, 1.0, 1.0, 1.0, 0.0, 0.0, 0.0, 0.6]:0:False
[0.9984375, 1.0125, 1.0, 1.0, 1.0, 0.0, 0.0, 0.0, 0.6]:[-0.0226416]:[0.9984375, 0.99375, 1.0, 1.0, 1.0, 0.0, 0.0, 0.0, 0.6]:0:False
[0.9984375, 0.99375, 1.0, 1.0, 1.0, 0.0, 0.0, 0.0, 0.6]:[0.0113208]:[0.9984375, 0.99791664, 1.0, 1.0, 1.0, 0.0, 0.0, 1.0, 0.6]:100:True
[0.0, 0.0, 0.0, 0.0, 0.0, 0.0, 0.0, 0.0, 0.6]:[0.83488375]:[0.5609375, 0.0, 0.0, 0.0, 0.0, 0.0, 0.0, 0.0, 0.6]:0:False
[0.5609375, 0.0, 0.0, 0.0, 0.0, 0.0, 0.0, 0.0, 0.6]:[-0.09069771]:[0.509375, 0.0, 0.0, 0.0, 0.0, 0.0, 0.0, 0.0, 0.6]:0:False
[0.509375, 0.0, 0.0, 0.0, 0.0, 0.0, 0.0, 0.0, 0.6]:[-0.01395345]:[0.4734375, 0.0, 0.0, 0.0, 0.0, 0.0, 0.0, 0.0, 0.6]:0:False
[0.4734375, 0.0, 0.0, 0.0, 0.0, 0.0, 0.0, 0.0, 0.6]:[0.0395349]:[0.51875, 0.0, 0.0, 0.0, 0.0, 0.0, 0.0, 0.0, 0.6]:0:False
[0.51875, 0.0, 0.0, 0.0, 0.0, 0.0, 0.0, 0.0, 0.6]:[-0.027907]:[0.48125, 0.0, 0.0, 0.0, 0.0, 0.0, 0.0, 0.0, 0.6]:0:False
[0.48125, 0.0, 0.0, 0.0, 0.0, 0.0, 0.0, 0.0, 0.6]:[0.027907]:[0.5171875, 0.0, 0.0, 0.0, 0.0, 0.0, 0.0, 0.0, 0.6]:0:False
[0.5171875, 0.0, 0.0, 0.0, 0.0, 0.0, 0.0, 0.0, 0.6]:[-0.02558136]:[0.4921875, 0.0, 0.0, 0.0, 0.0, 0.0, 0.0, 0.0, 0.6]:0:False
[0.4921875, 0.0, 0.0, 0.0, 0.0, 0.0, 0.0, 0.0, 0.6]:[0.01162791]:[0.5171875, 0.0, 0.0, 0.0, 0.0, 0.0, 0.0, 0.0, 0.6]:0:False
[0.5171875, 0.0, 0.0, 0.0, 0.0, 0.0, 0.0, 0.0, 0.6]:[-0.02558136]:[0.48125, 0.0, 0.0, 0.0, 0.0, 0.0, 0.0, 0.0, 0.6]:0:False
[0.48125, 0.0, 0.0, 0.0, 0.0, 0.0, 0.0, 0.0, 0.6]:[0.027907]:[0.5203125, 0.0, 0.0, 0.0, 0.0, 0.0, 0.0, 0.0, 0.6]:0:False
[0.5203125, 0.0, 0.0, 0.0, 0.0, 0.0, 0.0, 0.0, 0.6]:[-0.03023254]:[0.4828125, 0.0, 0.0, 0.0, 0.0, 0.0, 0.0, 0.0, 0.6]:0:False
[0.4828125, 0.0, 0.0, 0.0, 0.0, 0.0, 0.0, 0.0, 0.6]:[0.0255814]:[0.5203125, 0.0, 0.0, 0.0, 0.0, 0.0, 0.0, 0.0, 0.6]:0:False
[0.5203125, 0.0, 0.0, 0.0, 0.0, 0.0, 0.0, 0.0, 0.6]:[-0.03023254]:[0.48125, 0.0, 0.0, 0.0, 0.0, 0.0, 0.0, 0.0, 0.6]:0:False
[0.48125, 0.0, 0.0, 0.0, 0.0, 0.0, 0.0, 0.0, 0.6]:[0.027907]:[0.5078125, 0.0, 0.0, 0.0, 0.0, 0.0, 0.0, 0.0, 0.6]:0:False
[0.5078125, 0.0, 0.0, 0.0, 0.0, 0.0, 0.0, 0.0, 0.6]:[-0.01162791]:[0.48125, 0.0, 0.0, 0.0, 0.0, 0.0, 0.0, 0.0, 0.6]:0:False
[0.48125, 0.0, 0.0, 0.0, 0.0, 0.0, 0.0, 0.0, 0.6]:[0.027907]:[0.515625, 0.0, 0.0, 0.0, 0.0, 0.0, 0.0, 0.0, 0.6]:0:False
[0.515625, 0.0, 0.0, 0.0, 0.0, 0.0, 0.0, 0.0, 0.6]:[0.7209302]:[0.484375, 0.0, 0.0, 0.0, 0.0, 0.0, 0.0, 0.0, 0.6]:0:False
[0.484375, 0.0, 0.0, 0.0, 0.0, 0.0, 0.0, 0.0, 0.6]:[0.02325581]:[0.5203125, 0.0, 0.0, 0.0, 0.0, 0.0, 0.0, 0.0, 0.6]:0:False
[0.5203125, 0.0, 0.0, 0.0, 0.0, 0.0, 0.0, 0.0, 0.6]:[-0.03023254]:[0.48125, 0.0, 0.0, 0.0, 0.0, 0.0, 0.0, 0.0, 0.6]:0:False
[0.48125, 0.0, 0.0, 0.0, 0.0, 0.0, 0.0, 0.0, 0.6]:[0.027907]:[0.51875, 0.0, 0.0, 0.0, 0.0, 0.0, 0.0, 0.0, 0.6]:0:False
[0.51875, 0.0, 0.0, 0.0, 0.0, 0.0, 0.0, 0.0, 0.6]:[-0.027907]:[0.490625, 0.0, 0.0, 0.0, 0.0, 0.0, 0.0, 0.0, 0.6]:0:False
[0.490625, 0.0, 0.0, 0.0, 0.0, 0.0, 0.0, 0.0, 0.6]:[0.0139535]:[0.5109375, 0.0, 0.0, 0.0, 0.0, 0.0, 0.0, 0.0, 0.6]:0:False
[0.5109375, 0.0, 0.0, 0.0, 0.0, 0.0, 0.0, 0.0, 0.6]:[-0.01627909]:[0.475, 0.0, 0.0, 0.0, 0.0, 0.0, 0.0, 0.0, 0.6]:0:False
[0.475, 0.0, 0.0, 0.0, 0.0, 0.0, 0.0, 0.0, 0.6]:[0.03720931]:[0.5109375, 0.0, 0.0, 0.0, 0.0, 0.0, 0.0, 0.0, 0.6]:0:False
[0.5109375, 0.0, 0.0, 0.0, 0.0, 0.0, 0.0, 0.0, 0.6]:[-0.01627909]:[0.49375, 0.0, 0.0, 0.0, 0.0, 0.0, 0.0, 0.0, 0.6]:0:False
[0.49375, 0.0, 0.0, 0.0, 0.0, 0.0, 0.0, 0.0, 0.6]:[0.00930232]:[0.515625, 0.0, 0.0, 0.0, 0.0, 0.0, 0.0, 0.0, 0.6]:0:False
[0.515625, 0.0, 0.0, 0.0, 0.0, 0.0, 0.0, 0.0, 0.6]:[-0.02325581]:[0.478125, 0.0, 0.0, 0.0, 0.0, 0.0, 0.0, 0.0, 0.6]:0:False
[0.478125, 0.0, 0.0, 0.0, 0.0, 0.0, 0.0, 0.0, 0.6]:[0.03255813]:[0.5171875, 0.0, 0.0, 0.0, 0.0, 0.0, 0.0, 0.0, 0.6]:0:False
[0.5171875, 0.0, 0.0, 0.0, 0.0, 0.0, 0.0, 0.0, 0.6]:[-0.02558136]:[0.478125, 0.0, 0.0, 0.0, 0.0, 0.0, 0.0, 0.0, 0.6]:0:False
[0.478125, 0.0, 0.0, 0.0, 0.0, 0.0, 0.0, 0.0, 0.6]:[0.03255813]:[0.5171875, 0.0, 0.0, 0.0, 0.0, 0.0, 0.0, 0.0, 0.6]:0:False
[0.5171875, 0.0, 0.0, 0.0, 0.0, 0.0, 0.0, 0.0, 0.6]:[-0.02558136]:[0.4921875, 0.0, 0.0, 0.0, 0.0, 0.0, 0.0, 0.0, 0.6]:0:False
[0.4921875, 0.0, 0.0, 0.0, 0.0, 0.0, 0.0, 0.0, 0.6]:[0.01162791]:[0.5171875, 0.0, 0.0, 0.0, 0.0, 0.0, 0.0, 0.0, 0.6]:0:False
[0.5171875, 0.0, 0.0, 0.0, 0.0, 0.0, 0.0, 0.0, 0.6]:[-0.02558136]:[0.478125, 0.0, 0.0, 0.0, 0.0, 0.0, 0.0, 0.0, 0.6]:0:False
[0.478125, 0.0, 0.0, 0.0, 0.0, 0.0, 0.0, 0.0, 0.6]:[0.03255813]:[0.51875, 0.0, 0.0, 0.0, 0.0, 0.0, 0.0, 0.0, 0.6]:0:False
[0.51875, 0.0, 0.0, 0.0, 0.0, 0.0, 0.0, 0.0, 0.6]:[-0.027907]:[0.49375, 0.0, 0.0, 0.0, 0.0, 0.0, 0.0, 0.0, 0.6]:0:False
[0.49375, 0.0, 0.0, 0.0, 0.0, 0.0, 0.0, 0.0, 0.6]:[0.00930232]:[0.51875, 0.0, 0.0, 0.0, 0.0, 0.0, 0.0, 0.0, 0.6]:0:False
[0.51875, 0.0, 0.0, 0.0, 0.0, 0.0, 0.0, 0.0, 0.6]:[-0.027907]:[0.4765625, 0.0, 0.0, 0.0, 0.0, 0.0, 0.0, 0.0, 0.6]:0:False
[0.4765625, 0.0, 0.0, 0.0, 0.0, 0.0, 0.0, 0.0, 0.6]:[0.03488372]:[0.5125, 0.0, 0.0, 0.0, 0.0, 0.0, 0.0, 0.0, 0.6]:0:False
[0.5125, 0.0, 0.0, 0.0, 0.0, 0.0, 0.0, 0.0, 0.6]:[-0.01860463]:[0.484375, 0.0, 0.0, 0.0, 0.0, 0.0, 0.0, 0.0, 0.6]:0:False
[0.484375, 0.0, 0.0, 0.0, 0.0, 0.0, 0.0, 0.0, 0.6]:[0.02325581]:[0.5203125, 0.0, 0.0, 0.0, 0.0, 0.0, 0.0, 0.0, 0.6]:0:False
[0.5203125, 0.0, 0.0, 0.0, 0.0, 0.0, 0.0, 0.0, 0.6]:[-0.03023254]:[0.4875, 0.0, 0.0, 0.0, 0.0, 0.0, 0.0, 0.0, 0.6]:0:False
[0.4875, 0.0, 0.0, 0.0, 0.0, 0.0, 0.0, 0.0, 0.6]:[0.01860463]:[0.5140625, 0.0, 0.0, 0.0, 0.0, 0.0, 0.0, 0.0, 0.6]:0:False
[0.5140625, 0.0, 0.0, 0.0, 0.0, 0.0, 0.0, 0.0, 0.6]:[-0.02093027]:[0.4890625, 0.0, 0.0, 0.0, 0.0, 0.0, 0.0, 0.0, 0.6]:0:False
[0.0, 0.0, 0.0, 0.0, 0.0, 0.0, 0.0, 0.0, 0.6]:[0.8325581]:[0.559375, 0.0, 0.0, 0.0, 0.0, 0.0, 0.0, 0.0, 0.6]:0:False
[0.559375, 0.0, 0.0, 0.0, 0.0, 0.0, 0.0, 0.0, 0.6]:[-0.08837207]:[0.5015625, 0.0, 1.0, 0.0, 0.0, 0.0, 0.0, 0.0, 0.6]:100:False
[0.5015625, 0.0, 1.0, 0.0, 0.0, 0.0, 0.0, 0.0, 0.6]:[0.872093]:[1.0875, 0.0, 1.0, 0.0, 0.0, 0.0, 0.0, 0.0, 0.6]:0:False
[1.0875, 0.0, 1.0, 0.0, 0.0, 0.0, 0.0, 0.0, 0.6]:[-0.13023253]:[1.009375, 0.0, 1.0, 0.0, 0.0, 0.0, 0.0, 0.0, 0.6]:0:False
[1.009375, 0.0, 1.0, 0.0, 0.0, 0.0, 0.0, 0.0, 0.6]:[-0.01395345]:[0.984375, 0.0, 1.0, 0.0, 0.0, 0.0, 0.0, 0.0, 0.6]:0:False
[0.984375, 0.0, 1.0, 0.0, 0.0, 0.0, 0.0, 0.0, 0.6]:[0.02325581]:[1.021875, 0.0, 1.0, 0.0, 0.0, 0.0, 0.0, 0.0, 0.6]:0:False
[1.021875, 0.0, 1.0, 0.0, 0.0, 0.0, 0.0, 0.0, 0.6]:[-0.03255818]:[0.9765625, 0.0, 1.0, 0.0, 0.0, 0.0, 0.0, 0.0, 0.6]:0:False
[0.9765625, 0.0, 1.0, 0.0, 0.0, 0.0, 0.0, 0.0, 0.6]:[0.03488372]:[1.0125, 0.0, 1.0, 0.0, 0.0, 0.0, 0.0, 0.0, 0.6]:0:False
[1.0125, 0.0, 1.0, 0.0, 0.0, 0.0, 0.0, 0.0, 0.6]:[-0.01860472]:[0.975, 0.0, 1.0, 0.0, 0.0, 0.0, 0.0, 0.0, 0.6]:0:False
[0.975, 0.0, 1.0, 0.0, 0.0, 0.0, 0.0, 0.0, 0.6]:[0.03720927]:[1.0078125, 0.0, 1.0, 0.0, 0.0, 0.0, 0.0, 0.0, 0.6]:0:False
[1.0078125, 0.0, 1.0, 0.0, 0.0, 0.0, 0.0, 0.0, 0.6]:[-0.01162791]:[0.971875, 0.0, 1.0, 0.0, 0.0, 0.0, 0.0, 0.0, 0.6]:0:False
[0.971875, 0.0, 1.0, 0.0, 0.0, 0.0, 0.0, 0.0, 0.6]:[0.04186045]:[1.01875, 0.0, 1.0, 0.0, 0.0, 0.0, 0.0, 0.0, 0.6]:0:False
[1.01875, 0.0, 1.0, 0.0, 0.0, 0.0, 0.0, 0.0, 0.6]:[-0.02790691]:[0.9734375, 0.0, 1.0, 0.0, 0.0, 0.0, 0.0, 0.0, 0.6]:0:False
[0.9734375, 0.0, 1.0, 0.0, 0.0, 0.0, 0.0, 0.0, 0.6]:[0.0395349]:[1.009375, 0.0, 1.0, 0.0, 0.0, 0.0, 0.0, 0.0, 0.6]:0:False
[1.009375, 0.0, 1.0, 0.0, 0.0, 0.0, 0.0, 0.0, 0.6]:[-0.01395345]:[0.978125, 0.0, 1.0, 0.0, 0.0, 0.0, 0.0, 0.0, 0.6]:0:False
[0.978125, 0.0, 1.0, 0.0, 0.0, 0.0, 0.0, 0.0, 0.6]:[0.03255818]:[1.0125, 0.0, 1.0, 0.0, 0.0, 0.0, 0.0, 0.0, 0.6]:0:False
[1.0125, 0.0, 1.0, 0.0, 0.0, 0.0, 0.0, 0.0, 0.6]:[-0.01860472]:[0.9828125, 0.0, 1.0, 0.0, 0.0, 0.0, 0.0, 0.0, 0.6]:0:False
[0.9828125, 0.0, 1.0, 0.0, 0.0, 0.0, 0.0, 0.0, 0.6]:[0.02558136]:[1.021875, 0.0, 1.0, 0.0, 0.0, 0.0, 0.0, 0.0, 0.6]:0:False
[1.021875, 0.0, 1.0, 0.0, 0.0, 0.0, 0.0, 0.0, 0.6]:[-0.03255818]:[0.984375, 0.0, 1.0, 0.0, 0.0, 0.0, 0.0, 0.0, 0.6]:0:False
[0.984375, 0.0, 1.0, 0.0, 0.0, 0.0, 0.0, 0.0, 0.6]:[0.02325581]:[1.0171875, 0.0, 1.0, 0.0, 0.0, 0.0, 0.0, 0.0, 0.6]:0:False
[1.0171875, 0.0, 1.0, 0.0, 0.0, 0.0, 0.0, 0.0, 0.6]:[-0.02558136]:[0.990625, 0.0, 1.0, 0.0, 0.0, 0.0, 0.0, 0.0, 0.6]:0:False
[0.990625, 0.0, 1.0, 0.0, 0.0, 0.0, 0.0, 0.0, 0.6]:[0.01395345]:[1.0265625, 0.0, 1.0, 0.0, 0.0, 0.0, 0.0, 0.0, 0.6]:0:False
[1.0265625, 0.0, 1.0, 0.0, 0.0, 0.0, 0.0, 0.0, 0.6]:[-0.03953481]:[0.9859375, 0.0, 1.0, 0.0, 0.0, 0.0, 0.0, 0.0, 0.6]:0:False
[0.9859375, 0.0, 1.0, 0.0, 0.0, 0.0, 0.0, 0.0, 0.6]:[0.02093027]:[1.0203125, 0.0, 1.0, 0.0, 0.0, 0.0, 0.0, 0.0, 0.6]:0:False
[1.0203125, 0.0, 1.0, 0.0, 0.0, 0.0, 0.0, 0.0, 0.6]:[-0.03023263]:[0.975, 0.0, 1.0, 0.0, 0.0, 0.0, 0.0, 0.0, 0.6]:0:False
[0.975, 0.0, 1.0, 0.0, 0.0, 0.0, 0.0, 0.0, 0.6]:[0.03720927]:[1.009375, 0.0, 1.0, 0.0, 0.0, 0.0, 0.0, 0.0, 0.6]:0:False
[1.009375, 0.0, 1.0, 0.0, 0.0, 0.0, 0.0, 0.0, 0.6]:[-0.01395345]:[0.9875, 0.0, 1.0, 0.0, 0.0, 0.0, 0.0, 0.0, 0.6]:0:False
[0.9875, 0.0, 1.0, 0.0, 0.0, 0.0, 0.0, 0.0, 0.6]:[0.01860463]:[1.0234375, 0.0, 1.0, 0.0, 0.0, 0.0, 0.0, 0.0, 0.6]:0:False
[1.0234375, 0.0, 1.0, 0.0, 0.0, 0.0, 0.0, 0.0, 0.6]:[-0.03488372]:[0.9875, 0.0, 1.0, 0.0, 0.0, 0.0, 0.0, 0.0, 0.6]:0:False
[0.9875, 0.0, 1.0, 0.0, 0.0, 0.0, 0.0, 0.0, 0.6]:[0.01860463]:[1.0203125, 0.0, 1.0, 0.0, 0.0, 0.0, 0.0, 0.0, 0.6]:0:False
[1.0203125, 0.0, 1.0, 0.0, 0.0, 0.0, 0.0, 0.0, 0.6]:[-0.03023263]:[0.9828125, 0.0, 1.0, 0.0, 0.0, 0.0, 0.0, 0.0, 0.6]:0:False
[0.9828125, 0.0, 1.0, 0.0, 0.0, 0.0, 0.0, 0.0, 0.6]:[0.02558136]:[1.021875, 0.0, 1.0, 0.0, 0.0, 0.0, 0.0, 0.0, 0.6]:0:False
[1.021875, 0.0, 1.0, 0.0, 0.0, 0.0, 0.0, 0.0, 0.6]:[-0.03255818]:[0.9828125, 0.0, 1.0, 0.0, 0.0, 0.0, 0.0, 0.0, 0.6]:0:False
[0.9828125, 0.0, 1.0, 0.0, 0.0, 0.0, 0.0, 0.0, 0.6]:[0.02558136]:[1.0171875, 0.0, 1.0, 0.0, 0.0, 0.0, 0.0, 0.0, 0.6]:0:False
[1.0171875, 0.0, 1.0, 0.0, 0.0, 0.0, 0.0, 0.0, 0.6]:[-0.02558136]:[0.9765625, 0.0, 1.0, 0.0, 0.0, 0.0, 0.0, 0.0, 0.6]:0:False
[0.9765625, 0.0, 1.0, 0.0, 0.0, 0.0, 0.0, 0.0, 0.6]:[0.03488372]:[1.0171875, 0.0, 1.0, 0.0, 0.0, 0.0, 0.0, 0.0, 0.6]:0:False
[1.0171875, 0.0, 1.0, 0.0, 0.0, 0.0, 0.0, 0.0, 0.6]:[-0.02558136]:[0.9765625, 0.0, 1.0, 0.0, 0.0, 0.0, 0.0, 0.0, 0.6]:0:False
[0.9765625, 0.0, 1.0, 0.0, 0.0, 0.0, 0.0, 0.0, 0.6]:[0.03488372]:[1.0109375, 0.0, 1.0, 0.0, 0.0, 0.0, 0.0, 0.0, 0.6]:0:False
[1.0109375, 0.0, 1.0, 0.0, 0.0, 0.0, 0.0, 0.0, 0.6]:[-0.016279]:[0.9875, 0.0, 1.0, 0.0, 0.0, 0.0, 0.0, 0.0, 0.6]:0:False
[0.9875, 0.0, 1.0, 0.0, 0.0, 0.0, 0.0, 0.0, 0.6]:[0.01860463]:[1.0109375, 0.0, 1.0, 0.0, 0.0, 0.0, 0.0, 0.0, 0.6]:0:False
[1.0109375, 0.0, 1.0, 0.0, 0.0, 0.0, 0.0, 0.0, 0.6]:[-0.016279]:[0.9875, 0.0, 1.0, 0.0, 0.0, 0.0, 0.0, 0.0, 0.6]:0:False
[0.9875, 0.0, 1.0, 0.0, 0.0, 0.0, 0.0, 0.0, 0.6]:[0.01860463]:[1.0171875, 0.0, 1.0, 0.0, 0.0, 0.0, 0.0, 0.0, 0.6]:0:False
[1.0171875, 0.0, 1.0, 0.0, 0.0, 0.0, 0.0, 0.0, 0.6]:[-0.02558136]:[0.978125, 0.0, 1.0, 0.0, 0.0, 0.0, 0.0, 0.0, 0.6]:0:False
[0.978125, 0.0, 1.0, 0.0, 0.0, 0.0, 0.0, 0.0, 0.6]:[0.03255818]:[1.021875, 0.0, 1.0, 0.0, 0.0, 0.0, 0.0, 0.0, 0.6]:0:False
[0.0, 0.0, 0.0, 0.0, 0.0, 0.0, 0.0, 0.0, 0.6]:[0.8116279]:[0.5453125, 0.0, 0.0, 0.0, 0.0, 0.0, 0.0, 0.0, 0.6]:0:False
[0.5453125, 0.0, 0.0, 0.0, 0.0, 0.0, 0.0, 0.0, 0.6]:[-0.0674419]:[0.4984375, 0.0, 1.0, 0.0, 0.0, 0.0, 0.0, 0.0, 0.6]:100:False
[0.4984375, 0.0, 1.0, 0.0, 0.0, 0.0, 0.0, 0.0, 0.6]:[0.8139535]:[1.0453125, 0.0, 1.0, 0.0, 0.0, 0.0, 0.0, 0.0, 0.6]:0:False
[1.0453125, 0.0, 1.0, 0.0, 0.0, 0.0, 0.0, 0.0, 0.6]:[-0.0674419]:[1.0015625, 0.0, 1.0, 1.0, 0.0, 0.0, 0.0, 0.0, 0.6]:100:False
[1.0015625, 0.0, 1.0, 1.0, 0.0, 0.0, 0.0, 0.0, 0.6]:[0.9811321]:[1.0015625, 0.5416667, 1.0, 1.0, 0.0, 0.0, 0.0, 0.0, 0.6]:0:False
[1.0015625, 0.5416667, 1.0, 1.0, 0.0, 0.0, 0.0, 0.0, 0.6]:[-0.07547174]:[1.0015625, 0.5104167, 1.0, 1.0, 0.0, 0.0, 0.0, 0.0, 0.6]:0:False
[1.0015625, 0.5104167, 1.0, 1.0, 0.0, 0.0, 0.0, 0.0, 0.6]:[-0.01886796]:[1.0015625, 0.47708333, 1.0, 1.0, 0.0, 0.0, 0.0, 0.0, 0.6]:0:False
[1.0015625, 0.47708333, 1.0, 1.0, 0.0, 0.0, 0.0, 0.0, 0.6]:[0.04150945]:[1.0015625, 0.48958334, 1.0, 1.0, 0.0, 0.0, 0.0, 0.0, 0.6]:0:False
[1.0015625, 0.48958334, 1.0, 1.0, 0.0, 0.0, 0.0, 0.0, 0.6]:[0.01886791]:[1.0015625, 0.50416666, 1.0, 1.0, 1.0, 0.0, 0.0, 0.0, 0.6]:100:False
[1.0015625, 0.50416666, 1.0, 1.0, 1.0, 0.0, 0.0, 0.0, 0.6]:[1.0792453]:[1.0015625, 1.1, 1.0, 1.0, 1.0, 0.0, 0.0, 0.0, 0.6]:0:False
[1.0015625, 1.1, 1.0, 1.0, 1.0, 0.0, 0.0, 0.0, 0.6]:[-0.18113212]:[1.0015625, 1.04375, 1.0, 1.0, 1.0, 0.0, 0.0, 0.0, 0.6]:0:False
[1.0015625, 1.04375, 1.0, 1.0, 1.0, 0.0, 0.0, 0.0, 0.6]:[-0.07924537]:[1.0015625, 0.99791664, 1.0, 1.0, 1.0, 0.0, 0.0, 1.0, 0.6]:100:True
[0.0, 0.0, 0.0, 0.0, 0.0, 0.0, 0.0, 0.0, 0.6]:[0.81395346]:[0.546875, 0.0, 0.0, 0.0, 0.0, 0.0, 0.0, 0.0, 0.6]:0:False
[0.546875, 0.0, 0.0, 0.0, 0.0, 0.0, 0.0, 0.0, 0.6]:[-0.06976745]:[0.50625, 0.0, 0.0, 0.0, 0.0, 0.0, 0.0, 0.0, 0.6]:0:False
[0.50625, 0.0, 0.0, 0.0, 0.0, 0.0, 0.0, 0.0, 0.6]:[-0.00930236]:[0.475, 0.0, 0.0, 0.0, 0.0, 0.0, 0.0, 0.0, 0.6]:0:False
[0.475, 0.0, 0.0, 0.0, 0.0, 0.0, 0.0, 0.0, 0.6]:[0.03720931]:[0.503125, 0.0, 1.0, 0.0, 0.0, 0.0, 0.0, 0.0, 0.6]:100:False
[0.503125, 0.0, 1.0, 0.0, 0.0, 0.0, 0.0, 0.0, 0.6]:[0.8139534]:[1.05, 0.0, 1.0, 0.0, 0.0, 0.0, 0.0, 0.0, 0.6]:0:False
[1.05, 0.0, 1.0, 0.0, 0.0, 0.0, 0.0, 0.0, 0.6]:[-0.07441854]:[1.009375, 0.0, 1.0, 0.0, 0.0, 0.0, 0.0, 0.0, 0.6]:0:False
[1.009375, 0.0, 1.0, 0.0, 0.0, 0.0, 0.0, 0.0, 0.6]:[-0.01395345]:[0.975, 0.0, 1.0, 0.0, 0.0, 0.0, 0.0, 0.0, 0.6]:0:False
[0.975, 0.0, 1.0, 0.0, 0.0, 0.0, 0.0, 0.0, 0.6]:[0.03720927]:[1.0078125, 0.0, 1.0, 0.0, 0.0, 0.0, 0.0, 0.0, 0.6]:0:False
[1.0078125, 0.0, 1.0, 0.0, 0.0, 0.0, 0.0, 0.0, 0.6]:[-0.01162791]:[0.984375, 0.0, 1.0, 0.0, 0.0, 0.0, 0.0, 0.0, 0.6]:0:False
[0.984375, 0.0, 1.0, 0.0, 0.0, 0.0, 0.0, 0.0, 0.6]:[0.02325581]:[1.0046875, 0.0, 1.0, 0.0, 0.0, 0.0, 0.0, 0.0, 0.6]:0:False
[1.0046875, 0.0, 1.0, 0.0, 0.0, 0.0, 0.0, 0.0, 0.6]:[-0.00697681]:[0.9796875, 0.0, 1.0, 0.0, 0.0, 0.0, 0.0, 0.0, 0.6]:0:False
[0.9796875, 0.0, 1.0, 0.0, 0.0, 0.0, 0.0, 0.0, 0.6]:[0.03023254]:[1.0109375, 0.0, 1.0, 0.0, 0.0, 0.0, 0.0, 0.0, 0.6]:0:False
[1.0109375, 0.0, 1.0, 0.0, 0.0, 0.0, 0.0, 0.0, 0.6]:[-0.016279]:[0.98125, 0.0, 1.0, 0.0, 0.0, 0.0, 0.0, 0.0, 0.6]:0:False
[0.98125, 0.0, 1.0, 0.0, 0.0, 0.0, 0.0, 0.0, 0.6]:[0.027907]:[1.0078125, 0.0, 1.0, 0.0, 0.0, 0.0, 0.0, 0.0, 0.6]:0:False
[1.0078125, 0.0, 1.0, 0.0, 0.0, 0.0, 0.0, 0.0, 0.6]:[-0.01162791]:[0.9921875, 0.0, 1.0, 0.0, 0.0, 0.0, 0.0, 0.0, 0.6]:0:False
[0.9921875, 0.0, 1.0, 0.0, 0.0, 0.0, 0.0, 0.0, 0.6]:[0.01162791]:[1.00625, 0.0, 1.0, 0.0, 0.0, 0.0, 0.0, 0.0, 0.6]:0:False
[1.00625, 0.0, 1.0, 0.0, 0.0, 0.0, 0.0, 0.0, 0.6]:[-0.00930236]:[0.9875, 0.0, 1.0, 0.0, 0.0, 0.0, 0.0, 0.0, 0.6]:0:False
[0.9875, 0.0, 1.0, 0.0, 0.0, 0.0, 0.0, 0.0, 0.6]:[0.01860463]:[1.009375, 0.0, 1.0, 0.0, 0.0, 0.0, 0.0, 0.0, 0.6]:0:False
[1.009375, 0.0, 1.0, 0.0, 0.0, 0.0, 0.0, 0.0, 0.6]:[-0.01395345]:[0.984375, 0.0, 1.0, 0.0, 0.0, 0.0, 0.0, 0.0, 0.6]:0:False
[0.984375, 0.0, 1.0, 0.0, 0.0, 0.0, 0.0, 0.0, 0.6]:[0.02325581]:[1.003125, 0.0, 1.0, 1.0, 0.0, 0.0, 0.0, 0.0, 0.6]:100:False
[1.003125, 0.0, 1.0, 1.0, 0.0, 0.0, 0.0, 0.0, 0.6]:[0.97358495]:[1.003125, 0.5375, 1.0, 1.0, 0.0, 0.0, 0.0, 0.0, 0.6]:0:False
[1.003125, 0.5375, 1.0, 1.0, 0.0, 0.0, 0.0, 0.0, 0.6]:[-0.06792457]:[1.003125, 0.5, 1.0, 1.0, 1.0, 0.0, 0.0, 0.0, 0.6]:100:False
[1.003125, 0.5, 1.0, 1.0, 1.0, 0.0, 0.0, 0.0, 0.6]:[0.9924528]:[1.003125, 1.0479167, 1.0, 1.0, 1.0, 0.0, 0.0, 0.0, 0.6]:0:False
[1.003125, 1.0479167, 1.0, 1.0, 1.0, 0.0, 0.0, 0.0, 0.6]:[-0.08679242]:[1.003125, 1.0, 1.0, 1.0, 1.0, 0.0, 0.0, 1.0, 0.6]:100:True
[0.0, 0.0, 0.0, 0.0, 0.0, 0.0, 0.0, 0.0, 0.6]:[0.81395346]:[0.546875, 0.0, 0.0, 0.0, 0.0, 0.0, 0.0, 0.0, 0.6]:0:False
[0.546875, 0.0, 0.0, 0.0, 0.0, 0.0, 0.0, 0.0, 0.6]:[-0.06976745]:[0.503125, 0.0, 1.0, 0.0, 0.0, 0.0, 0.0, 0.0, 0.6]:100:False
[0.503125, 0.0, 1.0, 0.0, 0.0, 0.0, 0.0, 0.0, 0.6]:[0.80697674]:[1.0453125, 0.0, 1.0, 0.0, 0.0, 0.0, 0.0, 0.0, 0.6]:0:False
[1.0453125, 0.0, 1.0, 0.0, 0.0, 0.0, 0.0, 0.0, 0.6]:[-0.0674419]:[1.0046875, 0.0, 1.0, 0.0, 0.0, 0.0, 0.0, 0.0, 0.6]:0:False
[1.0046875, 0.0, 1.0, 0.0, 0.0, 0.0, 0.0, 0.0, 0.6]:[-0.00697681]:[0.975, 0.0, 1.0, 0.0, 0.0, 0.0, 0.0, 0.0, 0.6]:0:False
[0.975, 0.0, 1.0, 0.0, 0.0, 0.0, 0.0, 0.0, 0.6]:[0.03720927]:[1.00625, 0.0, 1.0, 0.0, 0.0, 0.0, 0.0, 0.0, 0.6]:0:False
[1.00625, 0.0, 1.0, 0.0, 0.0, 0.0, 0.0, 0.0, 0.6]:[-0.00930236]:[0.9828125, 0.0, 1.0, 0.0, 0.0, 0.0, 0.0, 0.0, 0.6]:0:False
[0.9828125, 0.0, 1.0, 0.0, 0.0, 0.0, 0.0, 0.0, 0.6]:[0.02558136]:[1.009375, 0.0, 1.0, 0.0, 0.0, 0.0, 0.0, 0.0, 0.6]:0:False
[1.009375, 0.0, 1.0, 0.0, 0.0, 0.0, 0.0, 0.0, 0.6]:[-0.01395345]:[0.9765625, 0.0, 1.0, 0.0, 0.0, 0.0, 0.0, 0.0, 0.6]:0:False
[0.9765625, 0.0, 1.0, 0.0, 0.0, 0.0, 0.0, 0.0, 0.6]:[0.03488372]:[1.015625, 0.0, 1.0, 0.0, 0.0, 0.0, 0.0, 0.0, 0.6]:0:False
[1.015625, 0.0, 1.0, 0.0, 0.0, 0.0, 0.0, 0.0, 0.6]:[-0.02325581]:[0.9890625, 0.0, 1.0, 0.0, 0.0, 0.0, 0.0, 0.0, 0.6]:0:False
[0.9890625, 0.0, 1.0, 0.0, 0.0, 0.0, 0.0, 0.0, 0.6]:[0.01627909]:[1.0109375, 0.0, 1.0, 0.0, 0.0, 0.0, 0.0, 0.0, 0.6]:0:False
[1.0109375, 0.0, 1.0, 0.0, 0.0, 0.0, 0.0, 0.0, 0.6]:[-0.016279]:[0.9890625, 0.0, 1.0, 0.0, 0.0, 0.0, 0.0, 0.0, 0.6]:0:False
[0.9890625, 0.0, 1.0, 0.0, 0.0, 0.0, 0.0, 0.0, 0.6]:[0.01627909]:[1.028125, 0.0, 1.0, 0.0, 0.0, 0.0, 0.0, 0.0, 0.6]:0:False
[1.028125, 0.0, 1.0, 0.0, 0.0, 0.0, 0.0, 0.0, 0.6]:[-0.04186054]:[0.984375, 0.0, 1.0, 0.0, 0.0, 0.0, 0.0, 0.0, 0.6]:0:False
[0.984375, 0.0, 1.0, 0.0, 0.0, 0.0, 0.0, 0.0, 0.6]:[0.02325581]:[1.0109375, 0.0, 1.0, 0.0, 0.0, 0.0, 0.0, 0.0, 0.6]:0:False
[1.0109375, 0.0, 1.0, 0.0, 0.0, 0.0, 0.0, 0.0, 0.6]:[-0.016279]:[0.9703125, 0.0, 1.0, 0.0, 0.0, 0.0, 0.0, 0.0, 0.6]:0:False
[0.9703125, 0.0, 1.0, 0.0, 0.0, 0.0, 0.0, 0.0, 0.6]:[0.04418608]:[1.00625, 0.0, 1.0, 0.0, 0.0, 0.0, 0.0, 0.0, 0.6]:0:False
[1.00625, 0.0, 1.0, 0.0, 0.0, 0.0, 0.0, 0.0, 0.6]:[-0.00930236]:[0.98125, 0.0, 1.0, 0.0, 0.0, 0.0, 0.0, 0.0, 0.6]:0:False
[0.98125, 0.0, 1.0, 0.0, 0.0, 0.0, 0.0, 0.0, 0.6]:[0.027907]:[1.0171875, 0.0, 1.0, 0.0, 0.0, 0.0, 0.0, 0.0, 0.6]:0:False
[1.0171875, 0.0, 1.0, 0.0, 0.0, 0.0, 0.0, 0.0, 0.6]:[-0.02558136]:[0.984375, 0.0, 1.0, 0.0, 0.0, 0.0, 0.0, 0.0, 0.6]:0:False
[0.984375, 0.0, 1.0, 0.0, 0.0, 0.0, 0.0, 0.0, 0.6]:[0.02325581]:[1.0171875, 0.0, 1.0, 0.0, 0.0, 0.0, 0.0, 0.0, 0.6]:0:False
[1.0171875, 0.0, 1.0, 0.0, 0.0, 0.0, 0.0, 0.0, 0.6]:[-0.02558136]:[0.9921875, 0.0, 1.0, 0.0, 0.0, 0.0, 0.0, 0.0, 0.6]:0:False
[0.9921875, 0.0, 1.0, 0.0, 0.0, 0.0, 0.0, 0.0, 0.6]:[0.01162791]:[1.015625, 0.0, 1.0, 0.0, 0.0, 0.0, 0.0, 0.0, 0.6]:0:False
[1.015625, 0.0, 1.0, 0.0, 0.0, 0.0, 0.0, 0.0, 0.6]:[-0.02325581]:[0.98125, 0.0, 1.0, 0.0, 0.0, 0.0, 0.0, 0.0, 0.6]:0:False
[0.98125, 0.0, 1.0, 0.0, 0.0, 0.0, 0.0, 0.0, 0.6]:[0.027907]:[1.0140625, 0.0, 1.0, 0.0, 0.0, 0.0, 0.0, 0.0, 0.6]:0:False
[1.0140625, 0.0, 1.0, 0.0, 0.0, 0.0, 0.0, 0.0, 0.6]:[-0.02093027]:[0.9796875, 0.0, 1.0, 0.0, 0.0, 0.0, 0.0, 0.0, 0.6]:0:False
[0.9796875, 0.0, 1.0, 0.0, 0.0, 0.0, 0.0, 0.0, 0.6]:[0.03023254]:[1.0125, 0.0, 1.0, 0.0, 0.0, 0.0, 0.0, 0.0, 0.6]:0:False
[1.0125, 0.0, 1.0, 0.0, 0.0, 0.0, 0.0, 0.0, 0.6]:[-0.01860472]:[0.9765625, 0.0, 1.0, 0.0, 0.0, 0.0, 0.0, 0.0, 0.6]:0:False
[0.9765625, 0.0, 1.0, 0.0, 0.0, 0.0, 0.0, 0.0, 0.6]:[0.03488372]:[1.0125, 0.0, 1.0, 0.0, 0.0, 0.0, 0.0, 0.0, 0.6]:0:False
[1.0125, 0.0, 1.0, 0.0, 0.0, 0.0, 0.0, 0.0, 0.6]:[-0.01860472]:[0.975, 0.0, 1.0, 0.0, 0.0, 0.0, 0.0, 0.0, 0.6]:0:False
[0.975, 0.0, 1.0, 0.0, 0.0, 0.0, 0.0, 0.0, 0.6]:[0.03720927]:[1.009375, 0.0, 1.0, 0.0, 0.0, 0.0, 0.0, 0.0, 0.6]:0:False
[1.009375, 0.0, 1.0, 0.0, 0.0, 0.0, 0.0, 0.0, 0.6]:[-0.01395345]:[0.9875, 0.0, 1.0, 0.0, 0.0, 0.0, 0.0, 0.0, 0.6]:0:False
[0.9875, 0.0, 1.0, 0.0, 0.0, 0.0, 0.0, 0.0, 0.6]:[0.01860463]:[1.021875, 0.0, 1.0, 0.0, 0.0, 0.0, 0.0, 0.0, 0.6]:0:False
[1.021875, 0.0, 1.0, 0.0, 0.0, 0.0, 0.0, 0.0, 0.6]:[-0.03255818]:[0.9859375, 0.0, 1.0, 0.0, 0.0, 0.0, 0.0, 0.0, 0.6]:0:False
[0.9859375, 0.0, 1.0, 0.0, 0.0, 0.0, 0.0, 0.0, 0.6]:[0.02093027]:[1.009375, 0.0, 1.0, 0.0, 0.0, 0.0, 0.0, 0.0, 0.6]:0:False
[1.009375, 0.0, 1.0, 0.0, 0.0, 0.0, 0.0, 0.0, 0.6]:[-0.01395345]:[0.978125, 0.0, 1.0, 0.0, 0.0, 0.0, 0.0, 0.0, 0.6]:0:False
[0.978125, 0.0, 1.0, 0.0, 0.0, 0.0, 0.0, 0.0, 0.6]:[0.03255818]:[1.0140625, 0.0, 1.0, 0.0, 0.0, 0.0, 0.0, 0.0, 0.6]:0:False
[1.0140625, 0.0, 1.0, 0.0, 0.0, 0.0, 0.0, 0.0, 0.6]:[-0.02093027]:[0.9890625, 0.0, 1.0, 0.0, 0.0, 0.0, 0.0, 0.0, 0.6]:0:False
[0.9890625, 0.0, 1.0, 0.0, 0.0, 0.0, 0.0, 0.0, 0.6]:[0.01627909]:[1.0171875, 0.0, 1.0, 0.0, 0.0, 0.0, 0.0, 0.0, 0.6]:0:False
[1.0171875, 0.0, 1.0, 0.0, 0.0, 0.0, 0.0, 0.0, 0.6]:[-0.02558136]:[0.9796875, 0.0, 1.0, 0.0, 0.0, 0.0, 0.0, 0.0, 0.6]:0:False
[0.9796875, 0.0, 1.0, 0.0, 0.0, 0.0, 0.0, 0.0, 0.6]:[0.03023254]:[1.015625, 0.0, 1.0, 0.0, 0.0, 0.0, 0.0, 0.0, 0.6]:0:False
[1.015625, 0.0, 1.0, 0.0, 0.0, 0.0, 0.0, 0.0, 0.6]:[-0.02325581]:[0.9796875, 0.0, 1.0, 0.0, 0.0, 0.0, 0.0, 0.0, 0.6]:0:False
[0.9796875, 0.0, 1.0, 0.0, 0.0, 0.0, 0.0, 0.0, 0.6]:[0.03023254]:[1.009375, 0.0, 1.0, 0.0, 0.0, 0.0, 0.0, 0.0, 0.6]:0:False
[0.0, 0.0, 0.0, 0.0, 0.0, 0.0, 0.0, 0.0, 0.6]:[0.8116279]:[0.5453125, 0.0, 0.0, 0.0, 0.0, 0.0, 0.0, 0.0, 0.6]:0:False
[0.5453125, 0.0, 0.0, 0.0, 0.0, 0.0, 0.0, 0.0, 0.6]:[-0.0674419]:[0.4953125, 0.0, 0.0, 0.0, 0.0, 0.0, 0.0, 0.0, 0.6]:0:False
[0.4953125, 0.0, 0.0, 0.0, 0.0, 0.0, 0.0, 0.0, 0.6]:[0.00697673]:[0.50625, 0.0, 0.0, 0.0, 0.0, 0.0, 0.0, 0.0, 0.6]:0:False
[0.50625, 0.0, 0.0, 0.0, 0.0, 0.0, 0.0, 0.0, 0.6]:[-0.00930236]:[0.484375, 0.0, 0.0, 0.0, 0.0, 0.0, 0.0, 0.0, 0.6]:0:False
[0.484375, 0.0, 0.0, 0.0, 0.0, 0.0, 0.0, 0.0, 0.6]:[0.02325581]:[0.5046875, 0.0, 0.0, 0.0, 0.0, 0.0, 0.0, 0.0, 0.6]:0:False
[0.5046875, 0.0, 0.0, 0.0, 0.0, 0.0, 0.0, 0.0, 0.6]:[-0.00697673]:[0.49375, 0.0, 0.0, 0.0, 0.0, 0.0, 0.0, 0.0, 0.6]:0:False
[0.49375, 0.0, 0.0, 0.0, 0.0, 0.0, 0.0, 0.0, 0.6]:[0.00930232]:[0.50625, 0.0, 0.0, 0.0, 0.0, 0.0, 0.0, 0.0, 0.6]:0:False
[0.50625, 0.0, 0.0, 0.0, 0.0, 0.0, 0.0, 0.0, 0.6]:[-0.00930236]:[0.4890625, 0.0, 0.0, 0.0, 0.0, 0.0, 0.0, 0.0, 0.6]:0:False
[0.4890625, 0.0, 0.0, 0.0, 0.0, 0.0, 0.0, 0.0, 0.6]:[0.01627909]:[0.5046875, 0.0, 0.0, 0.0, 0.0, 0.0, 0.0, 0.0, 0.6]:0:False
[0.5046875, 0.0, 0.0, 0.0, 0.0, 0.0, 0.0, 0.0, 0.6]:[-0.00697673]:[0.4828125, 0.0, 0.0, 0.0, 0.0, 0.0, 0.0, 0.0, 0.6]:0:False
[0.4828125, 0.0, 0.0, 0.0, 0.0, 0.0, 0.0, 0.0, 0.6]:[0.0255814]:[0.50625, 0.0, 0.0, 0.0, 0.0, 0.0, 0.0, 0.0, 0.6]:0:False
[0.50625, 0.0, 0.0, 0.0, 0.0, 0.0, 0.0, 0.0, 0.6]:[-0.00930236]:[0.4953125, 0.0, 0.0, 0.0, 0.0, 0.0, 0.0, 0.0, 0.6]:0:False
[0.4953125, 0.0, 0.0, 0.0, 0.0, 0.0, 0.0, 0.0, 0.6]:[0.00697673]:[0.50625, 0.0, 0.0, 0.0, 0.0, 0.0, 0.0, 0.0, 0.6]:0:False
[0.50625, 0.0, 0.0, 0.0, 0.0, 0.0, 0.0, 0.0, 0.6]:[-0.00930236]:[0.4828125, 0.0, 0.0, 0.0, 0.0, 0.0, 0.0, 0.0, 0.6]:0:False
[0.4828125, 0.0, 0.0, 0.0, 0.0, 0.0, 0.0, 0.0, 0.6]:[0.0255814]:[0.515625, 0.0, 0.0, 0.0, 0.0, 0.0, 0.0, 0.0, 0.6]:0:False
[0.515625, 0.0, 0.0, 0.0, 0.0, 0.0, 0.0, 0.0, 0.6]:[-0.02325581]:[0.4984375, 0.0, 1.0, 0.0, 0.0, 0.0, 0.0, 0.0, 0.6]:100:False
[0.4984375, 0.0, 1.0, 0.0, 0.0, 0.0, 0.0, 0.0, 0.6]:[0.80697674]:[1.040625, 0.0, 1.0, 0.0, 0.0, 0.0, 0.0, 0.0, 0.6]:0:False
[1.040625, 0.0, 1.0, 0.0, 0.0, 0.0, 0.0, 0.0, 0.6]:[-0.06046508]:[1.0015625, 0.0, 1.0, 1.0, 0.0, 0.0, 0.0, 0.0, 0.6]:100:False
[1.0015625, 0.0, 1.0, 1.0, 0.0, 0.0, 0.0, 0.0, 0.6]:[0.9698113]:[1.0015625, 0.53541666, 1.0, 1.0, 0.0, 0.0, 0.0, 0.0, 0.6]:0:False
[1.0015625, 0.53541666, 1.0, 1.0, 0.0, 0.0, 0.0, 0.0, 0.6]:[-0.06415094]:[1.0015625, 0.50416666, 1.0, 1.0, 1.0, 0.0, 0.0, 0.0, 0.6]:100:False
[1.0015625, 0.50416666, 1.0, 1.0, 1.0, 0.0, 0.0, 0.0, 0.6]:[0.9924529]:[1.0015625, 1.0520834, 1.0, 1.0, 1.0, 0.0, 0.0, 0.0, 0.6]:0:False
[1.0015625, 1.0520834, 1.0, 1.0, 1.0, 0.0, 0.0, 0.0, 0.6]:[-0.09433969]:[1.0015625, 1.0166667, 1.0, 1.0, 1.0, 0.0, 0.0, 0.0, 0.6]:0:False
[1.0015625, 1.0166667, 1.0, 1.0, 1.0, 0.0, 0.0, 0.0, 0.6]:[-0.03018865]:[1.0015625, 0.99791664, 1.0, 1.0, 1.0, 0.0, 0.0, 1.0, 0.6]:100:True
[0.0, 0.0, 0.0, 0.0, 0.0, 0.0, 0.0, 0.0, 0.6]:[0.82093024]:[0.5515625, 0.0, 0.0, 0.0, 0.0, 0.0, 0.0, 0.0, 0.6]:0:False
[0.5515625, 0.0, 0.0, 0.0, 0.0, 0.0, 0.0, 0.0, 0.6]:[-0.07674417]:[0.4921875, 0.0, 0.0, 0.0, 0.0, 0.0, 0.0, 0.0, 0.6]:0:False
[0.4921875, 0.0, 0.0, 0.0, 0.0, 0.0, 0.0, 0.0, 0.6]:[0.01162791]:[0.5015625, 0.0, 1.0, 0.0, 0.0, 0.0, 0.0, 0.0, 0.6]:100:False
[0.5015625, 0.0, 1.0, 0.0, 0.0, 0.0, 0.0, 0.0, 0.6]:[0.8372093]:[1.0640625, 0.0, 1.0, 0.0, 0.0, 0.0, 0.0, 0.0, 0.6]:0:False
[1.0640625, 0.0, 1.0, 0.0, 0.0, 0.0, 0.0, 0.0, 0.6]:[-0.09534881]:[1.0078125, 0.0, 1.0, 0.0, 0.0, 0.0, 0.0, 0.0, 0.6]:0:False
[1.0078125, 0.0, 1.0, 0.0, 0.0, 0.0, 0.0, 0.0, 0.6]:[-0.01162791]:[0.9859375, 0.0, 1.0, 0.0, 0.0, 0.0, 0.0, 0.0, 0.6]:0:False
[0.9859375, 0.0, 1.0, 0.0, 0.0, 0.0, 0.0, 0.0, 0.6]:[0.02093027]:[1.00625, 0.0, 1.0, 0.0, 0.0, 0.0, 0.0, 0.0, 0.6]:0:False
[1.00625, 0.0, 1.0, 0.0, 0.0, 0.0, 0.0, 0.0, 0.6]:[-0.00930236]:[0.98125, 0.0, 1.0, 0.0, 0.0, 0.0, 0.0, 0.0, 0.6]:0:False
[0.98125, 0.0, 1.0, 0.0, 0.0, 0.0, 0.0, 0.0, 0.6]:[0.027907]:[1.0171875, 0.0, 1.0, 0.0, 0.0, 0.0, 0.0, 0.0, 0.6]:0:False
[1.0171875, 0.0, 1.0, 0.0, 0.0, 0.0, 0.0, 0.0, 0.6]:[-0.02558136]:[0.98125, 0.0, 1.0, 0.0, 0.0, 0.0, 0.0, 0.0, 0.6]:0:False
[0.98125, 0.0, 1.0, 0.0, 0.0, 0.0, 0.0, 0.0, 0.6]:[0.027907]:[1.0171875, 0.0, 1.0, 0.0, 0.0, 0.0, 0.0, 0.0, 0.6]:0:False
[1.0171875, 0.0, 1.0, 0.0, 0.0, 0.0, 0.0, 0.0, 0.6]:[-0.02558136]:[0.9890625, 0.0, 1.0, 0.0, 0.0, 0.0, 0.0, 0.0, 0.6]:0:False
[0.9890625, 0.0, 1.0, 0.0, 0.0, 0.0, 0.0, 0.0, 0.6]:[0.01627909]:[1.0140625, 0.0, 1.0, 0.0, 0.0, 0.0, 0.0, 0.0, 0.6]:0:False
[1.0140625, 0.0, 1.0, 0.0, 0.0, 0.0, 0.0, 0.0, 0.6]:[-0.02093027]:[0.9984375, 0.0, 1.0, 1.0, 0.0, 0.0, 0.0, 0.0, 0.6]:100:False
[0.9984375, 0.0, 1.0, 1.0, 0.0, 0.0, 0.0, 0.0, 0.6]:[0.99622643]:[0.9984375, 0.55, 1.0, 1.0, 0.0, 0.0, 0.0, 0.0, 0.6]:0:False
[0.9984375, 0.55, 1.0, 1.0, 0.0, 0.0, 0.0, 0.0, 0.6]:[-0.09056606]:[0.9984375, 0.51666665, 1.0, 1.0, 0.0, 0.0, 0.0, 0.0, 0.6]:0:False
[0.9984375, 0.51666665, 1.0, 1.0, 0.0, 0.0, 0.0, 0.0, 0.6]:[-0.03018865]:[0.9984375, 0.49791667, 1.0, 1.0, 1.0, 0.0, 0.0, 0.0, 0.6]:100:False
[0.9984375, 0.49791667, 1.0, 1.0, 1.0, 0.0, 0.0, 0.0, 0.6]:[0.9962264]:[0.9984375, 1.0479167, 1.0, 1.0, 1.0, 0.0, 0.0, 0.0, 0.6]:0:False
[0.9984375, 1.0479167, 1.0, 1.0, 1.0, 0.0, 0.0, 0.0, 0.6]:[-0.08679242]:[0.9984375, 1.00625, 1.0, 1.0, 1.0, 0.0, 0.0, 0.0, 0.6]:0:False
[0.9984375, 1.00625, 1.0, 1.0, 1.0, 0.0, 0.0, 0.0, 0.6]:[-0.0113208]:[0.9984375, 0.9895833, 1.0, 1.0, 1.0, 0.0, 0.0, 0.0, 0.6]:0:False
[0.9984375, 0.9895833, 1.0, 1.0, 1.0, 0.0, 0.0, 0.0, 0.6]:[0.01886796]:[0.9984375, 1.0041667, 1.0, 1.0, 1.0, 0.0, 0.0, 1.0, 0.6]:100:True
[0.0, 0.0, 0.0, 0.0, 0.0, 0.0, 0.0, 0.0, 0.1]:[0.7186046]:[0.4828125, 0.0, 0.0, 0.0, 0.0, 0.0, 0.0, 0.0, 0.1]:0:False
[0.4828125, 0.0, 0.0, 0.0, 0.0, 0.0, 0.0, 0.0, 0.1]:[0.0255814]:[0.5046875, 0.0, 0.0, 0.0, 0.0, 0.0, 0.0, 0.0, 0.1]:0:False
[0.5046875, 0.0, 0.0, 0.0, 0.0, 0.0, 0.0, 0.0, 0.1]:[-0.00697673]:[0.49375, 0.0, 0.0, 0.0, 0.0, 0.0, 0.0, 0.0, 0.1]:0:False
[0.49375, 0.0, 0.0, 0.0, 0.0, 0.0, 0.0, 0.0, 0.1]:[0.00930232]:[0.503125, 0.0, 1.0, 0.0, 0.0, 0.0, 0.0, 0.0, 0.1]:100:False
[0.503125, 0.0, 1.0, 0.0, 0.0, 0.0, 0.0, 0.0, 0.1]:[0.6883721]:[0.965625, 0.0, 1.0, 0.0, 0.0, 0.0, 0.0, 0.0, 0.1]:0:False
[0.965625, 0.0, 1.0, 0.0, 0.0, 0.0, 0.0, 0.0, 0.1]:[0.05116281]:[1.0109375, 0.0, 1.0, 0.0, 0.0, 0.0, 0.0, 0.0, 0.1]:0:False
[1.0109375, 0.0, 1.0, 0.0, 0.0, 0.0, 0.0, 0.0, 0.1]:[-0.016279]:[0.9953125, 0.0, 1.0, 0.0, 0.0, 0.0, 0.0, 0.0, 0.1]:0:False
[0.9953125, 0.0, 1.0, 0.0, 0.0, 0.0, 0.0, 0.0, 0.1]:[0.00697673]:[1.0015625, 0.0, 1.0, 1.0, 0.0, 0.0, 0.0, 0.0, 0.1]:100:False
[1.0015625, 0.0, 1.0, 1.0, 0.0, 0.0, 0.0, 0.0, 0.1]:[0.8716981]:[1.0015625, 0.48125, 1.0, 1.0, 0.0, 0.0, 0.0, 0.0, 0.1]:0:False
[1.0015625, 0.48125, 1.0, 1.0, 0.0, 0.0, 0.0, 0.0, 0.1]:[0.03396229]:[1.0015625, 0.48541668, 1.0, 1.0, 0.0, 0.0, 0.0, 0.0, 0.1]:0:False
[1.0015625, 0.48541668, 1.0, 1.0, 0.0, 0.0, 0.0, 0.0, 0.1]:[0.02641507]:[1.0015625, 0.5, 1.0, 1.0, 1.0, 0.0, 0.0, 0.0, 0.1]:100:False
[1.0015625, 0.5, 1.0, 1.0, 1.0, 0.0, 0.0, 0.0, 0.1]:[0.645283]:[1.0015625, 0.85625, 1.0, 1.0, 1.0, 0.0, 0.0, 0.0, 0.1]:0:False
[1.0015625, 0.85625, 1.0, 1.0, 1.0, 0.0, 0.0, 0.0, 0.1]:[0.26037738]:[1.0015625, 1.0229167, 1.0, 1.0, 1.0, 0.0, 0.0, 0.0, 0.1]:0:False
[1.0015625, 1.0229167, 1.0, 1.0, 1.0, 0.0, 0.0, 0.0, 0.1]:[-0.04150945]:[1.0015625, 1.00625, 1.0, 1.0, 1.0, 0.0, 0.0, 0.0, 0.1]:0:False
[1.0015625, 1.00625, 1.0, 1.0, 1.0, 0.0, 0.0, 0.0, 0.1]:[-0.0113208]:[1.0015625, 1.0020833, 1.0, 1.0, 1.0, 0.0, 0.0, 1.0, 0.1]:100:True
[0.0, 0.0, 0.0, 0.0, 0.0, 0.0, 0.0, 0.0, 0.1]:[0.68139535]:[0.4578125, 0.0, 0.0, 0.0, 0.0, 0.0, 0.0, 0.0, 0.1]:0:False
[0.4578125, 0.0, 0.0, 0.0, 0.0, 0.0, 0.0, 0.0, 0.1]:[0.06279071]:[0.528125, 0.0, 0.0, 0.0, 0.0, 0.0, 0.0, 0.0, 0.1]:0:False
[0.528125, 0.0, 0.0, 0.0, 0.0, 0.0, 0.0, 0.0, 0.1]:[-0.04186045]:[0.4953125, 0.0, 0.0, 0.0, 0.0, 0.0, 0.0, 0.0, 0.1]:0:False
[0.4953125, 0.0, 0.0, 0.0, 0.0, 0.0, 0.0, 0.0, 0.1]:[0.00697673]:[0.5109375, 0.0, 0.0, 0.0, 0.0, 0.0, 0.0, 0.0, 0.1]:0:False
[0.5109375, 0.0, 0.0, 0.0, 0.0, 0.0, 0.0, 0.0, 0.1]:[-0.01627909]:[0.4921875, 0.0, 0.0, 0.0, 0.0, 0.0, 0.0, 0.0, 0.1]:0:False
[0.4921875, 0.0, 0.0, 0.0, 0.0, 0.0, 0.0, 0.0, 0.1]:[0.01162791]:[0.503125, 0.0, 1.0, 0.0, 0.0, 0.0, 0.0, 0.0, 0.1]:100:False
[0.503125, 0.0, 1.0, 0.0, 0.0, 0.0, 0.0, 0.0, 0.1]:[0.6883721]:[0.965625, 0.0, 1.0, 0.0, 0.0, 0.0, 0.0, 0.0, 0.1]:0:False
[0.965625, 0.0, 1.0, 0.0, 0.0, 0.0, 0.0, 0.0, 0.1]:[0.05116281]:[1.0046875, 0.0, 1.0, 0.0, 0.0, 0.0, 0.0, 0.0, 0.1]:0:False
[1.0046875, 0.0, 1.0, 0.0, 0.0, 0.0, 0.0, 0.0, 0.1]:[-0.00697681]:[0.9984375, 0.0, 1.0, 1.0, 0.0, 0.0, 0.0, 0.0, 0.1]:100:False
[0.9984375, 0.0, 1.0, 1.0, 0.0, 0.0, 0.0, 0.0, 0.1]:[0.87547165]:[0.9984375, 0.48333332, 1.0, 1.0, 0.0, 0.0, 0.0, 0.0, 0.1]:0:False
[0.9984375, 0.48333332, 1.0, 1.0, 0.0, 0.0, 0.0, 0.0, 0.1]:[0.0301887]:[0.9984375, 0.50208336, 1.0, 1.0, 1.0, 0.0, 0.0, 0.0, 0.1]:100:False
[0.0, 0.0, 0.0, 0.0, 0.0, 0.0, 0.0, 0.0, 0.1]:[0.15348837]:[0.103125, 0.0, 0.0, 0.0, 0.0, 0.0, 0.0, 0.0, 0.1]:0:False
[0.103125, 0.0, 0.0, 0.0, 0.0, 0.0, 0.0, 0.0, 0.1]:[0.5906977]:[0.6078125, 0.0, 0.0, 0.0, 0.0, 0.0, 0.0, 0.0, 0.1]:0:False
[0.6078125, 0.0, 0.0, 0.0, 0.0, 0.0, 0.0, 0.0, 0.1]:[-0.16046515]:[0.434375, 0.0, 0.0, 0.0, 0.0, 0.0, 0.0, 0.0, 0.1]:0:False
[0.434375, 0.0, 0.0, 0.0, 0.0, 0.0, 0.0, 0.0, 0.1]:[0.09767444]:[0.55, 0.0, 0.0, 0.0, 0.0, 0.0, 0.0, 0.0, 0.1]:0:False
[0.55, 0.0, 0.0, 0.0, 0.0, 0.0, 0.0, 0.0, 0.1]:[-0.07441862]:[0.45, 0.0, 0.0, 0.0, 0.0, 0.0, 0.0, 0.0, 0.1]:0:False
[0.45, 0.0, 0.0, 0.0, 0.0, 0.0, 0.0, 0.0, 0.1]:[0.07441862]:[0.53125, 0.0, 0.0, 0.0, 0.0, 0.0, 0.0, 0.0, 0.1]:0:False
[0.53125, 0.0, 0.0, 0.0, 0.0, 0.0, 0.0, 0.0, 0.1]:[-0.04651163]:[0.4734375, 0.0, 0.0, 0.0, 0.0, 0.0, 0.0, 0.0, 0.1]:0:False
[0.4734375, 0.0, 0.0, 0.0, 0.0, 0.0, 0.0, 0.0, 0.1]:[0.0395349]:[0.51875, 0.0, 0.0, 0.0, 0.0, 0.0, 0.0, 0.0, 0.1]:0:False
[0.51875, 0.0, 0.0, 0.0, 0.0, 0.0, 0.0, 0.0, 0.1]:[-0.027907]:[0.4828125, 0.0, 0.0, 0.0, 0.0, 0.0, 0.0, 0.0, 0.1]:0:False
[0.4828125, 0.0, 0.0, 0.0, 0.0, 0.0, 0.0, 0.0, 0.1]:[0.0255814]:[0.5125, 0.0, 0.0, 0.0, 0.0, 0.0, 0.0, 0.0, 0.1]:0:False
[0.5125, 0.0, 0.0, 0.0, 0.0, 0.0, 0.0, 0.0, 0.1]:[-0.01860463]:[0.4953125, 0.0, 0.0, 0.0, 0.0, 0.0, 0.0, 0.0, 0.1]:0:False
[0.4953125, 0.0, 0.0, 0.0, 0.0, 0.0, 0.0, 0.0, 0.1]:[0.00697673]:[0.5078125, 0.0, 0.0, 0.0, 0.0, 0.0, 0.0, 0.0, 0.1]:0:False
[0.5078125, 0.0, 0.0, 0.0, 0.0, 0.0, 0.0, 0.0, 0.1]:[-0.01162791]:[0.4890625, 0.0, 0.0, 0.0, 0.0, 0.0, 0.0, 0.0, 0.1]:0:False
[0.4890625, 0.0, 0.0, 0.0, 0.0, 0.0, 0.0, 0.0, 0.1]:[0.01627909]:[0.5078125, 0.0, 0.0, 0.0, 0.0, 0.0, 0.0, 0.0, 0.1]:0:False
[0.5078125, 0.0, 0.0, 0.0, 0.0, 0.0, 0.0, 0.0, 0.1]:[-0.01162791]:[0.4859375, 0.0, 0.0, 0.0, 0.0, 0.0, 0.0, 0.0, 0.1]:0:False
[0.4859375, 0.0, 0.0, 0.0, 0.0, 0.0, 0.0, 0.0, 0.1]:[0.02093022]:[0.509375, 0.0, 0.0, 0.0, 0.0, 0.0, 0.0, 0.0, 0.1]:0:False
[0.509375, 0.0, 0.0, 0.0, 0.0, 0.0, 0.0, 0.0, 0.1]:[-0.01395345]:[0.4859375, 0.0, 0.0, 0.0, 0.0, 0.0, 0.0, 0.0, 0.1]:0:False
[0.4859375, 0.0, 0.0, 0.0, 0.0, 0.0, 0.0, 0.0, 0.1]:[0.02093022]:[0.5125, 0.0, 0.0, 0.0, 0.0, 0.0, 0.0, 0.0, 0.1]:0:False
[0.5125, 0.0, 0.0, 0.0, 0.0, 0.0, 0.0, 0.0, 0.1]:[-0.01860463]:[0.490625, 0.0, 0.0, 0.0, 0.0, 0.0, 0.0, 0.0, 0.1]:0:False
[0.490625, 0.0, 0.0, 0.0, 0.0, 0.0, 0.0, 0.0, 0.1]:[0.0139535]:[0.509375, 0.0, 0.0, 0.0, 0.0, 0.0, 0.0, 0.0, 0.1]:0:False
[0.509375, 0.0, 0.0, 0.0, 0.0, 0.0, 0.0, 0.0, 0.1]:[-0.01395345]:[0.49375, 0.0, 0.0, 0.0, 0.0, 0.0, 0.0, 0.0, 0.1]:0:False
[0.49375, 0.0, 0.0, 0.0, 0.0, 0.0, 0.0, 0.0, 0.1]:[0.00930232]:[0.503125, 0.0, 1.0, 0.0, 0.0, 0.0, 0.0, 0.0, 0.1]:100:False
[0.503125, 0.0, 1.0, 0.0, 0.0, 0.0, 0.0, 0.0, 0.1]:[0.72790694]:[0.9921875, 0.0, 1.0, 0.0, 0.0, 0.0, 0.0, 0.0, 0.1]:0:False
[0.9921875, 0.0, 1.0, 0.0, 0.0, 0.0, 0.0, 0.0, 0.1]:[0.01162791]:[1.0078125, 0.0, 1.0, 0.0, 0.0, 0.0, 0.0, 0.0, 0.1]:0:False
[1.0078125, 0.0, 1.0, 0.0, 0.0, 0.0, 0.0, 0.0, 0.1]:[-0.01162791]:[0.9921875, 0.0, 1.0, 0.0, 0.0, 0.0, 0.0, 0.0, 0.1]:0:False
[0.9921875, 0.0, 1.0, 0.0, 0.0, 0.0, 0.0, 0.0, 0.1]:[0.01162791]:[1.0015625, 0.0, 1.0, 1.0, 0.0, 0.0, 0.0, 0.0, 0.1]:100:False
[1.0015625, 0.0, 1.0, 1.0, 0.0, 0.0, 0.0, 0.0, 0.1]:[0.9320755]:[1.0015625, 0.51458335, 1.0, 1.0, 0.0, 0.0, 0.0, 0.0, 0.1]:0:False
[1.0015625, 0.51458335, 1.0, 1.0, 0.0, 0.0, 0.0, 0.0, 0.1]:[-0.02641512]:[1.0015625, 0.50416666, 1.0, 1.0, 1.0, 0.0, 0.0, 0.0, 0.1]:100:False
[1.0015625, 0.50416666, 1.0, 1.0, 1.0, 0.0, 0.0, 0.0, 0.1]:[0.93584913]:[1.0015625, 1.0208334, 1.0, 1.0, 1.0, 0.0, 0.0, 0.0, 0.1]:0:False
[1.0015625, 1.0208334, 1.0, 1.0, 1.0, 0.0, 0.0, 0.0, 0.1]:[-0.03773592]:[1.0015625, 1.0041667, 1.0, 1.0, 1.0, 0.0, 0.0, 1.0, 0.1]:100:True
